Time	Yaw	Pitch	Roll
250001.0	109.61	-955.42	2199.42
250009.0	-443.76	-421.94	2925.93
250017.0	-582.47	-173.14	846.3
250024.0	-983.07	-325.91	-621.75
250032.0	-473.35	-596.53	868.13
250040.0	-201.75	-907.9	3029.23
250049.0	-22.31	-602.84	1518.01
250056.0	-149.38	-218.73	-760.46
250064.0	-472.38	-190.12	593.14
250071.0	-209.51	-227.94	1214.41
250079.0	42.19	-314.76	1652.35
250087.0	143.07	-351.13	1218.29
250095.0	-98.94	-591.2	-183.81
250104.0	-149.86	-793.92	-1096.07
250110.0	-50.92	-771.61	804.11
250119.0	210.97	-641.64	1700.37
250126.0	372.47	-305.54	163.93
250134.0	218.24	-333.67	-743.0
250143.0	177.99	-513.12	51.41
250150.0	291.96	-694.02	952.03
250157.0	653.28	-484.5	1397.25
250166.0	579.07	-341.43	1253.69
250174.0	493.23	-275.47	132.89
250181.0	447.64	-238.13	228.43
250189.0	528.64	-39.28	1663.02
250198.0	571.8	174.6	1798.82
250205.0	517.0	337.55	276.44
250212.0	351.13	456.37	-92.63
250220.0	216.3	554.34	491.29
250228.0	334.64	620.3	1012.65
250236.0	361.32	727.97	1226.05
250245.0	267.71	785.19	856.97
250252.0	144.04	756.58	134.34
250260.0	136.28	784.71	598.47
250267.0	133.86	868.61	1680.97
250275.0	58.2	991.8	1391.91
250283.0	-266.26	1161.06	-4905.16
250291.0	-120.28	1715.4	3101.98
250299.0	-589.74	627.57	2982.67
250307.0	-283.23	1495.22	-1556.81
250315.0	16.49	1082.98	-3771.75
250326.0	-1404.52	439.88	134.34
250331.0	-603.32	272.08	4100.08
250339.0	-67.9	956.39	-1000.53
250346.0	-1308.98	2253.74	174.6
250353.0	-1173.18	1263.88	1748.38
250361.0	-555.31	639.21	385.08
250370.0	-920.99	1304.13	7301.0
250377.0	305.06	2017.55	1965.65
250385.0	-1777.48	1157.18	-1444.78
250393.0	-2028.7	2962.79	8144.88
250400.0	-1384.15	2023.85	1608.7
250408.0	-875.89	2678.58	3418.19
250416.0	848.73	2578.68	609.63
250425.0	1572.33	1761.47	1017.99
250432.0	1424.41	1336.14	1339.05
250440.0	918.57	528.15	1829.86
250448.0	774.52	351.13	1621.31
250455.0	1388.52	274.5	1144.08
250463.0	1185.31	-34.43	1797.85
250471.0	834.18	12.12	1411.8
250479.0	596.05	-308.45	1468.06
250487.0	524.76	114.46	527.67
250495.0	349.68	-262.86	900.14
250502.0	457.83	437.94	1285.22
250510.0	320.09	-433.58	1275.03
250518.0	288.57	-157.14	-279.35
250526.0	155.68	-42.19	1763.9
250534.0	135.31	389.44	61.11
250542.0	420.97	145.98	1462.24
250550.0	132.4	-68.38	1373.0
250557.0	119.79	-29.1	1384.15
250565.0	-9.7	-19.88	2344.43
250573.0	55.29	463.16	460.25
250581.0	133.86	365.68	406.42
250589.0	3.88	168.78	579.07
250597.0	-11.15	225.52	1310.44
250605.0	-98.94	242.49	1244.96
250612.0	-139.68	-45.1	1210.53
250620.0	-310.88	327.37	1323.05
250628.0	-155.2	-87.3	203.21
250636.0	-302.15	377.81	481.11
250643.0	-162.96	187.21	1236.23
250651.0	-215.33	426.79	543.19
250659.0	-246.37	277.41	1149.42
250667.0	-294.87	651.34	1427.8
250675.0	-162.47	242.98	611.57
250683.0	-257.04	411.75	1241.08
250691.0	-279.35	269.65	1.94
250698.0	-83.9	23.28	313.3
250706.0	-6.3	635.82	1472.42
250714.0	-456.86	534.46	547.55
250722.0	-288.57	-445.22	1516.07
250730.0	-311.36	-445.7	899.17
250738.0	-143.56	139.68	1189.67
250746.0	-143.56	743.49	1172.21
250753.0	-259.47	9.7	1278.43
250761.0	-296.81	62.56	273.53
250769.0	-408.84	146.95	2474.41
250777.0	-439.88	1244.48	1052.91
250786.0	-370.05	79.54	806.05
250793.0	-242.49	370.05	-166.35
250800.0	-272.56	-259.95	-83.42
250808.0	-255.1	440.85	1088.31
250816.0	-126.58	-535.43	1243.02
250824.0	-134.34	355.01	1007.32
250832.0	-408.36	-70.32	-306.03
250840.0	253.16	1031.08	301.18
250847.0	409.33	-143.56	934.57
250855.0	261.89	396.23	133.86
250863.0	511.18	999.07	476.74
250872.0	799.26	1233.32	911.78
250879.0	348.71	12.12	951.55
250887.0	741.06	821.08	861.82
250894.0	1434.59	1233.81	958.33
250902.0	1419.07	516.03	1275.52
250910.0	1333.71	-24.73	1405.01
250918.0	1753.71	633.39	709.54
250926.0	1737.71	372.96	-42.68
250933.0	1843.92	533.0	1839.07
250941.0	1414.22	674.62	732.82
250949.0	854.55	643.09	955.91
250957.0	179.45	-14.55	777.43
250965.0	-95.54	166.35	1318.2
250973.0	-341.43	1164.94	-45.1
250981.0	-1076.19	1353.6	-953.97
250988.0	-667.34	493.72	-2259.07
250997.0	-701.78	1032.05	1552.93
251004.0	-507.3	-110.58	3069.48
251012.0	-888.98	2781.4	8562.94
251020.0	-716.33	-979.19	10528.59
251028.0	-1061.64	-232.31	-1974.38
251035.0	-1058.24	-1251.27	-2108.72
251043.0	-1334.2	-1310.44	6589.04
251051.0	-1202.77	-1243.51	2657.25
251059.0	-104.27	552.4	3986.6
251067.0	-626.6	-412.24	2608.26
251075.0	-1220.23	-924.39	573.25
251082.0	-1148.45	-1909.88	-4915.83
251090.0	-810.9	-2297.87	3857.1
251098.0	20.85	-1009.26	3194.61
251106.0	376.84	389.44	1142.15
251114.0	159.08	667.83	-13.09
251123.0	-270.62	-664.43	1409.86
251130.0	23.76	-984.52	676.07
251137.0	352.59	-1958.86	3056.87
251145.0	379.75	-1367.18	2819.72
251153.0	57.23	289.05	-1502.01
251161.0	29.1	1416.65	-612.54
251169.0	-48.98	1208.1	516.51
251177.0	374.9	400.11	3537.98
251184.0	583.92	361.32	-774.04
251193.0	37.83	-1377.36	-151.32
251200.0	84.39	-1454.48	-1223.14
251208.0	276.93	-1391.43	1922.97
251216.0	814.29	-419.03	743.97
251224.0	722.15	635.33	2049.56
251231.0	551.92	1181.43	-953.0
251239.0	491.78	232.31	316.21
251247.0	628.06	-205.63	1976.32
251255.0	812.84	-354.53	2084.96
251264.0	713.9	203.69	742.52
251271.0	495.66	920.51	-182.36
251278.0	289.05	1437.99	1291.52
251286.0	579.56	1788.63	797.32
251294.0	561.13	1702.31	2394.38
251302.0	389.93	1490.85	396.23
251310.0	113.49	1321.59	148.89
251318.0	98.45	1232.35	-230.85
251325.0	37.34	1451.08	2196.99
251333.0	29.1	1842.95	1049.51
251341.0	-183.33	1961.77	287.11
251349.0	-500.99	1840.04	278.38
251357.0	-568.41	1605.79	812.84
251365.0	-584.89	1570.87	1776.99
251372.0	-585.86	1571.84	1776.99
251380.0	-777.92	1517.04	1536.44
251388.0	-650.37	1906.97	-142.59
251396.0	-425.82	1855.08	-1195.49
251404.0	-1831.31	1002.47	987.92
251412.0	-1054.36	1754.68	-6854.33
251419.0	-1731.4	1783.3	-3026.32
251427.0	-3454.08	1271.15	15891.58
251435.0	2185.35	84.87	5378.51
251444.0	-2020.46	4442.0	-7692.87
251452.0	-3734.4	2932.23	7066.26
251459.0	-577.62	2982.19	1821.61
251466.0	-608.17	470.44	1225.08
251474.0	1704.73	700.81	659.1
251483.0	1461.75	421.45	448.13
251490.0	1234.29	743.97	1582.03
251498.0	930.69	807.5	1178.52
251506.0	1374.94	-15.52	845.82
251514.0	1248.84	410.3	900.14
251521.0	889.47	-208.06	1048.06
251529.0	842.42	-375.87	1265.33
251537.0	594.59	-265.29	987.43
251545.0	351.62	-230.37	970.46
251554.0	229.88	-184.3	1045.15
251560.0	187.69	-190.6	1480.18
251568.0	88.27	33.95	800.71
251576.0	184.3	92.63	919.54
251584.0	115.43	92.63	1622.28
251592.0	64.99	-297.78	301.18
251600.0	231.34	14.55	1071.82
251607.0	104.76	-301.18	1672.24
251615.0	130.46	17.46	885.59
251623.0	89.24	-129.01	1380.27
251631.0	143.07	75.66	774.04
251639.0	88.75	2.42	1091.22
251647.0	73.23	129.98	1118.38
251655.0	406.42	817.2	1103.83
251663.0	104.27	308.94	1599.49
251670.0	13.09	-142.1	1070.37
251678.0	136.77	-78.57	1173.67
251686.0	140.65	218.24	936.51
251694.0	171.69	-67.9	1152.33
251702.0	80.02	50.44	1132.93
251710.0	69.35	212.42	925.36
251717.0	54.8	107.67	655.7
251725.0	-32.01	7.27	1223.62
251733.0	-16.97	293.42	899.65
251741.0	-86.33	308.45	1031.57
251749.0	-269.17	-135.8	826.9
251756.0	-263.83	355.5	940.88
251764.0	-205.15	136.28	1226.53
251772.0	-67.9	744.94	673.16
251780.0	-130.46	380.72	886.07
251788.0	-292.45	321.55	1183.37
251796.0	-410.3	382.17	870.55
251804.0	-311.85	852.12	1094.13
251811.0	-483.53	461.22	539.79
251819.0	-497.11	534.94	537.85
251827.0	-355.5	584.89	946.7
251835.0	-360.35	263.35	937.97
251843.0	-192.54	80.51	990.34
251850.0	-110.58	358.89	-80.51
251858.0	68.87	145.98	805.56
251866.0	-36.86	293.9	518.45
251874.0	54.8	252.19	540.28
251882.0	-28.13	409.81	1242.05
251890.0	131.43	567.44	886.56
251898.0	64.5	58.68	930.69
251906.0	17.46	192.54	933.12
251913.0	-145.5	91.66	1859.93
251921.0	165.87	2.91	1550.99
251929.0	-6.79	372.96	1825.01
251937.0	814.78	270.14	549.01
251945.0	526.7	408.36	2597.11
251953.0	356.47	550.95	917.6
251960.0	-168.29	997.62	-122.22
251969.0	119.31	563.07	1958.86
251976.0	536.88	750.76	871.52
251984.0	623.21	266.26	908.87
251992.0	1150.87	72.26	623.69
251999.0	1173.18	481.11	365.68
252007.0	1308.5	725.54	531.06
252015.0	1546.62	762.89	708.08
252023.0	1814.82	415.15	769.67
252031.0	1646.05	392.35	1658.17
252039.0	1306.07	243.46	233.28
252046.0	694.99	889.95	134.34
252054.0	275.96	1079.1	1181.43
252062.0	-319.61	-562.59	509.72
252070.0	-371.5	-66.93	1293.95
252078.0	-336.1	795.86	2360.43
252086.0	-311.36	520.88	935.06
252094.0	-1049.03	937.97	984.04
252101.0	-756.58	-472.86	1302.68
252109.0	-651.34	603.32	5174.33
252117.0	-570.35	1480.18	6194.74
252125.0	-873.46	894.8	6159.34
252133.0	-1184.34	-250.25	6008.51
252141.0	-1007.8	-2647.55	4544.33
252149.0	-573.25	-898.2	2392.44
252156.0	-487.41	-1581.06	6728.71
252164.0	-321.06	-1628.59	3585.03
252172.0	-812.84	-1001.5	160.53
252180.0	-1177.06	-422.91	-1095.59
252188.0	-1278.91	-457.83	17.46
252196.0	-509.24	-795.38	1483.09
252203.0	-203.21	-642.61	1937.04
252211.0	-238.13	-555.31	760.46
252219.0	-500.99	-567.44	-1271.15
252227.0	-524.76	-794.89	1011.68
252236.0	-161.5	-444.25	2283.32
252242.0	157.62	-262.86	2230.94
252250.0	109.12	-298.75	604.78
252258.0	-248.31	-560.65	48.01
252266.0	-187.21	-754.16	263.35
252274.0	39.77	-837.57	1745.47
252282.0	279.35	-642.61	1925.4
252290.0	189.63	-359.38	-253.65
252297.0	-25.22	-355.98	-678.01
252305.0	-17.46	-537.37	365.68
252313.0	228.91	-573.74	1488.43
252321.0	459.28	-489.35	833.69
252329.0	311.85	-445.22	361.32
252337.0	226.0	-302.15	-272.08
252345.0	269.17	-276.93	566.95
252352.0	497.11	-86.33	1825.01
252360.0	561.13	206.12	1552.44
252368.0	447.64	342.89	165.38
252377.0	340.95	391.87	-9.7
252384.0	320.58	363.26	1414.22
252392.0	541.25	-11.64	919.54
252399.0	561.62	-332.7	2492.35
252407.0	564.53	254.13	-884.13
252416.0	346.77	1068.43	674.62
252423.0	329.79	1215.86	549.01
252431.0	402.05	1177.55	1044.18
252438.0	143.56	1211.5	241.52
252446.0	295.84	921.96	558.22
252454.0	224.06	984.52	759.49
252462.0	143.56	1012.17	2298.84
252470.0	139.68	1355.54	-491.29
252478.0	-108.15	1327.41	1329.84
252485.0	-161.02	1313.83	801.2
252493.0	-339.98	1216.35	1424.41
252501.0	-208.06	1141.66	473.83
252509.0	-526.7	1080.55	1607.73
252517.0	-191.57	1724.13	-2216.39
252525.0	-33.95	1958.38	649.88
252532.0	-806.05	624.66	3230.5
252540.0	-1644.11	754.64	7041.53
252548.0	407.39	4203.38	-1353.6
252556.0	-255.1	1868.17	8991.18
252564.0	-28.13	1957.89	23.76
252572.0	-1046.12	1485.03	-546.58
252579.0	-69.35	1937.52	-1514.62
252587.0	-651.34	3399.76	5536.61
252596.0	-1609.67	3147.08	-359.86
252603.0	-281.78	53.83	3691.24
252611.0	744.94	625.63	475.77
252619.0	1226.53	392.35	856.49
252627.0	1095.59	474.8	1268.73
252634.0	918.57	-91.66	1115.47
252642.0	812.35	-108.64	1109.17
252650.0	853.58	-32.01	719.24
252658.0	736.7	-68.87	1234.29
252666.0	648.91	-350.65	1728.98
252673.0	642.12	78.57	603.81
252681.0	544.16	120.28	1011.2
252689.0	453.46	99.42	1349.72
252697.0	311.36	-135.31	1201.8
252706.0	188.66	62.56	1192.1
252713.0	305.06	155.2	1364.27
252720.0	321.06	-184.3	1121.29
252729.0	401.08	-212.42	1524.8
252736.0	275.47	-230.85	941.36
252744.0	459.77	129.98	976.76
252752.0	351.62	97.97	1184.82
252760.0	375.87	-149.86	1318.68
252768.0	292.45	-171.69	-402.54
252775.0	374.41	705.66	1243.51
252783.0	212.91	140.16	965.12
252791.0	261.89	25.22	1153.3
252799.0	198.84	57.71	943.79
252807.0	181.39	114.46	1960.32
252815.0	132.89	470.92	1469.51
252822.0	-3.39	57.23	580.53
252830.0	-69.84	6.79	1032.05
252838.0	-114.46	-138.22	463.16
252846.0	-306.51	111.06	311.36
252854.0	-148.89	-13.09	1020.41
252862.0	-461.71	-464.13	841.45
252869.0	-346.28	168.78	209.03
252877.0	-511.18	278.87	1147.48
252885.0	-629.51	196.42	863.76
252893.0	-728.94	506.33	626.6
252901.0	-797.8	113.0	935.54
252909.0	-650.85	217.76	1012.65
252917.0	-592.17	360.83	909.35
252925.0	-801.68	146.95	774.52
252932.0	-559.68	366.65	1261.45
252940.0	-449.1	158.11	1178.52
252949.0	-505.84	-181.87	895.77
252956.0	-501.48	231.82	563.07
252964.0	-388.47	27.16	1049.51
252972.0	-206.6	277.41	1322.08
252979.0	-271.11	247.83	1034.96
252987.0	-191.57	79.54	1101.41
252995.0	-229.4	43.16	1513.65
253003.0	-82.45	323.49	967.06
253011.0	-96.51	675.1	1085.89
253019.0	-33.46	29.1	1513.65
253026.0	-98.45	1061.15	2091.27
253034.0	-261.41	431.64	731.36
253042.0	-58.68	-32.01	617.39
253050.0	26.67	914.2	1356.99
253058.0	189.15	332.7	1016.05
253065.0	124.64	1044.18	-36.37
253073.0	608.17	89.24	2332.79
253082.0	766.76	1068.43	-2828.93
253089.0	569.38	916.14	-680.92
253097.0	235.22	893.83	714.87
253105.0	474.8	653.76	1560.2
253112.0	922.93	528.15	1426.83
253120.0	990.83	610.11	727.97
253128.0	1312.86	631.45	2139.76
253136.0	1012.65	655.22	-1106.74
253144.0	1169.79	599.44	-392.84
253152.0	803.14	1166.39	318.64
253160.0	383.14	423.88	309.42
253167.0	-120.76	65.47	1261.94
253175.0	-232.31	859.88	1367.18
253183.0	-461.71	1088.31	733.79
253191.0	-399.14	-68.87	909.84
253199.0	-344.83	-89.72	1335.17
253207.0	119.79	1358.93	729.42
253214.0	-359.86	423.88	1014.59
253222.0	-984.04	-193.51	2295.44
253230.0	-693.53	-150.83	3674.26
253238.0	-647.46	-512.15	4138.88
253246.0	-308.94	-160.53	2764.91
253254.0	-402.54	495.66	6776.24
253261.0	61.59	1412.28	5758.25
253270.0	400.6	-1504.92	4630.17
253277.0	-233.28	-553.37	2216.88
253285.0	123.67	-64.99	5030.77
253293.0	-237.16	-1047.09	2468.1
253301.0	-557.25	-964.15	656.67
253309.0	-958.82	-814.29	-1309.47
253316.0	-1017.5	-934.09	1469.03
253324.0	-240.07	-853.09	1063.58
253333.0	-8.24	-553.86	1712.98
253340.0	-23.28	-560.16	967.55
253348.0	-411.27	-402.05	-851.64
253356.0	-333.19	-523.79	438.43
253363.0	-75.17	-631.45	1756.14
253371.0	135.31	-563.56	2409.9
253379.0	118.34	-268.2	-677.04
253387.0	-215.82	-229.88	1.45
253395.0	-184.3	-385.56	-89.24
253403.0	14.06	-548.04	1092.68
253410.0	233.28	-506.81	700.81
253418.0	53.83	-452.98	145.01
253426.0	6.3	-361.8	-1067.46
253434.0	28.61	-452.01	40.74
253442.0	267.71	-412.24	1836.16
253450.0	440.37	-336.58	994.22
253457.0	351.62	-313.3	341.43
253465.0	258.01	-354.53	128.52
253473.0	258.01	-429.21	1361.84
253481.0	549.98	-405.93	1371.54
253490.0	553.86	-169.26	1824.52
253497.0	447.64	-24.73	499.54
253504.0	355.5	-20.85	138.71
253512.0	429.7	-30.55	1000.53
253520.0	493.72	-65.96	1796.39
253529.0	528.15	183.33	997.62
253536.0	426.79	408.36	165.87
253544.0	302.63	359.86	527.67
253552.0	393.32	323.97	824.96
253559.0	471.41	467.53	1478.73
253567.0	448.13	583.92	1190.16
253575.0	290.02	601.87	707.11
253584.0	244.43	623.69	372.47
253591.0	246.37	759.98	1462.72
253599.0	258.98	844.36	1629.56
253606.0	193.51	888.01	946.7
253614.0	57.71	909.35	435.03
253622.0	-42.19	937.0	721.18
253630.0	-41.71	969.49	1129.05
253638.0	16.0	991.8	1267.76
253646.0	-80.51	1044.18	1123.23
253653.0	-144.04	1062.12	537.85
253661.0	-164.41	1086.86	902.08
253669.0	-135.31	1071.82	1529.65
253677.0	-122.22	1090.25	1547.59
253685.0	-165.87	1097.53	796.35
253693.0	32.98	583.92	-876.37
253700.0	293.42	1151.84	634.85
253708.0	-593.62	516.51	2781.89
253716.0	-171.2	936.03	-4109.3
253724.0	-835.15	94.57	-1578.63
253732.0	-1589.3	244.43	13767.82
253739.0	1262.42	1809.49	-11550.94
253747.0	1001.5	2035.98	5676.29
253756.0	-138.71	2554.91	1011.2
253763.0	-414.18	1772.14	-3559.81
253771.0	513.6	2650.46	1730.92
253779.0	-203.69	2206.21	2106.3
253786.0	-930.69	1317.23	4001.15
253795.0	-1583.48	1210.53	-798.77
253802.0	1124.69	252.68	1924.91
253811.0	1010.71	183.33	808.47
253818.0	783.25	332.22	856.0
253826.0	820.11	253.65	674.62
253834.0	1098.01	256.07	1468.54
253841.0	987.92	1.94	1367.18
253849.0	521.36	77.11	807.5
253857.0	555.31	-66.93	1469.51
253865.0	543.67	-369.08	873.95
253873.0	330.76	-371.02	934.09
253881.0	262.86	340.46	1153.78
253888.0	279.84	608.66	1115.47
253897.0	161.99	-59.65	1297.34
253904.0	186.24	311.85	792.95
253912.0	-37.83	19.88	713.42
253920.0	138.22	673.16	1493.28
253928.0	-25.22	110.09	1241.57
253936.0	-113.49	235.22	573.74
253943.0	-121.73	346.28	621.75
253951.0	39.28	119.79	653.76
253959.0	-55.29	112.52	1038.36
253967.0	-247.83	198.36	1048.54
253976.0	-196.42	-121.25	1174.15
253983.0	-160.05	72.75	825.45
253990.0	-426.3	317.18	1921.03
253998.0	-531.06	208.06	950.09
254006.0	-268.68	-9.21	270.62
254014.0	-453.46	247.34	404.96
254022.0	-255.59	116.4	345.31
254029.0	-441.34	260.92	2044.22
254037.0	-364.23	-625.63	887.04
254045.0	-377.32	73.23	619.33
254053.0	-279.84	345.8	706.14
254062.0	-121.25	287.11	1783.3
254069.0	-259.95	142.59	679.95
254077.0	-280.81	-226.97	1219.26
254084.0	-229.88	336.1	1145.54
254092.0	-222.61	575.19	933.6
254100.0	-316.21	239.1	993.25
254108.0	-352.59	442.31	373.44
254116.0	-261.41	449.58	811.38
254124.0	-334.64	227.46	827.87
254132.0	-485.47	-299.24	1253.21
254139.0	-360.83	214.85	1229.93
254147.0	-207.57	530.58	1034.96
254156.0	-388.47	744.94	743.0
254163.0	-203.69	165.38	562.1
254171.0	-187.21	706.63	1540.8
254178.0	-150.35	120.76	231.82
254186.0	-8.73	435.03	771.13
254194.0	184.78	210.97	505.36
254202.0	287.11	61.11	1081.04
254210.0	708.57	482.08	1848.29
254218.0	486.44	579.56	1016.05
254226.0	73.23	550.95	1178.52
254233.0	19.4	331.73	559.19
254242.0	304.57	820.6	518.94
254249.0	697.41	336.58	373.93
254257.0	452.98	83.9	1039.33
254265.0	524.27	930.21	1599.0
254272.0	141.13	449.58	-160.53
254280.0	112.52	-49.47	13.09
254288.0	163.93	957.85	1167.36
254296.0	648.91	409.81	1269.7
254304.0	653.76	390.9	508.27
254312.0	1078.13	233.28	596.53
254320.0	932.63	776.46	773.55
254328.0	1159.6	542.7	1216.83
254335.0	1440.9	664.43	821.08
254343.0	1726.55	262.86	448.61
254351.0	1348.75	735.24	544.64
254359.0	818.17	377.32	875.4
254366.0	432.12	143.07	1180.46
254374.0	201.27	306.51	334.16
254382.0	-21.34	136.77	2003.0
254390.0	-465.1	269.65	3836.25
254398.0	-208.54	-32.01	1643.14
254406.0	61.11	797.32	2029.19
254414.0	-282.75	956.88	1065.03
254422.0	-943.79	503.42	3157.27
254429.0	-871.04	803.62	2772.19
254437.0	-628.54	906.44	3658.74
254445.0	-755.61	1134.87	6700.58
254454.0	-358.41	199.81	4505.53
254461.0	-217.76	-225.52	1956.44
254469.0	-858.91	-2093.69	4655.39
254476.0	-730.88	-1629.56	3645.16
254484.0	-278.87	-982.1	3173.76
254492.0	-385.08	-775.49	3494.33
254500.0	-1051.94	-127.07	131.92
254508.0	-1374.45	-404.48	-3121.38
254516.0	-998.59	-728.94	266.74
254524.0	-430.67	-980.64	4185.93
254531.0	61.59	-490.81	143.56
254539.0	-241.52	-283.23	-586.83
254547.0	-721.18	-299.72	-323.49
254555.0	-530.58	-221.15	798.29
254563.0	81.48	-287.11	1680.0
254570.0	217.76	-387.5	3471.54
254579.0	-53.35	-556.77	-266.26
254586.0	-284.2	-769.19	-1724.61
254594.0	-298.27	-919.05	1826.95
254602.0	93.6	-753.19	2971.03
254610.0	337.07	-445.7	579.56
254618.0	89.24	-432.12	-533.0
254625.0	-276.44	-609.14	332.7
254634.0	-25.22	-851.15	-8.24
254641.0	311.36	-888.98	1997.18
254649.0	371.5	-565.98	1681.94
254657.0	202.72	-432.12	-525.73
254664.0	166.35	-656.67	-856.49
254672.0	329.31	-643.58	2116.48
254680.0	630.0	-446.67	1936.55
254689.0	741.55	-307.48	410.78
254696.0	665.4	830.78	-5720.42
254703.0	433.58	207.57	5192.27
254712.0	469.47	691.59	1357.48
254719.0	788.59	297.78	-5.33
254728.0	431.64	177.99	-49.95
254735.0	59.65	794.41	1043.21
254743.0	312.82	830.78	309.91
254751.0	487.41	1483.58	1825.98
254759.0	421.94	1335.17	3004.98
254766.0	120.28	1382.21	-199.81
254775.0	102.82	1194.52	-345.8
254782.0	-127.55	1162.03	2038.4
254790.0	-138.22	1367.18	2177.11
254798.0	-166.84	1707.16	330.28
254805.0	-519.42	1573.78	718.75
254813.0	-656.19	1552.93	839.03
254821.0	-579.56	1540.8	653.28
254829.0	-452.98	1474.36	2191.66
254837.0	-652.79	1435.08	1743.04
254845.0	-622.72	1506.86	-78.08
254853.0	-669.77	1001.01	-1163.48
254860.0	-497.6	1490.85	3191.22
254868.0	-592.65	1619.37	263.35
254876.0	-466.56	1145.05	-538.82
254884.0	-2251.8	4878.97	14553.01
254892.0	-108.15	2113.57	4589.43
254899.0	229.88	1056.3	9641.55
254907.0	1950.13	4591.86	9505.75
254915.0	-3052.02	1508.8	-10158.54
254923.0	-2295.44	933.12	1121.29
254931.0	-1167.36	1389.97	2163.53
254940.0	482.08	498.57	1187.25
254947.0	1328.87	433.58	994.22
254955.0	1107.71	200.78	766.76
254962.0	1140.69	164.41	1001.01
254970.0	1161.06	-50.44	1353.6
254978.0	1161.06	18.91	1285.7
254986.0	819.14	48.5	874.92
254994.0	855.52	-147.92	1364.75
255002.0	661.52	-399.63	1509.28
255009.0	421.45	-528.15	-470.92
255017.0	335.13	230.37	2020.94
255026.0	258.01	382.65	374.41
255033.0	287.6	268.2	1631.01
255041.0	284.2	40.25	1730.92
255049.0	74.2	57.23	1063.58
255056.0	197.87	143.56	270.14
255064.0	227.46	-32.98	1278.91
255072.0	138.22	593.62	715.84
255080.0	257.04	80.99	370.05
255089.0	253.65	133.37	673.65
255096.0	83.9	207.09	575.19
255103.0	24.73	-50.92	-91.18
255111.0	-34.92	-82.45	1933.16
255119.0	-263.35	134.83	1545.65
255127.0	-128.52	155.68	1171.24
255135.0	-142.59	484.5	1652.84
255143.0	-119.79	177.51	1406.95
255151.0	-180.42	18.91	731.85
255158.0	-251.22	314.76	966.09
255166.0	-261.41	539.79	1326.44
255174.0	-282.26	548.52	239.58
255182.0	-211.94	579.07	445.7
255189.0	-204.18	490.32	1122.26
255197.0	-358.41	215.33	1030.11
255205.0	-134.34	239.58	904.99
255213.0	-208.06	158.59	677.04
255221.0	-160.53	72.26	1843.92
255230.0	-192.05	598.47	453.95
255237.0	-127.55	82.93	444.25
255245.0	-39.28	193.51	1008.29
255252.0	-218.24	431.15	1113.53
255260.0	-218.24	213.39	1056.79
255268.0	-113.0	78.57	668.8
255276.0	-133.37	451.04	1001.01
255284.0	-213.39	-39.77	1080.55
255292.0	-259.95	389.93	799.74
255299.0	-44.62	493.72	886.56
255307.0	-24.25	80.99	1436.53
255315.0	14.06	61.11	985.98
255323.0	-131.92	73.23	820.6
255331.0	57.71	486.44	1377.36
255338.0	-62.56	178.96	1358.93
255346.0	-18.43	-18.43	1602.88
255355.0	167.81	529.61	1437.5
255362.0	130.95	532.03	867.16
255370.0	-10.18	108.15	567.44
255378.0	69.35	390.9	76.63
255386.0	565.5	276.93	1805.12
255393.0	453.46	199.33	260.92
255401.0	249.77	495.17	711.96
255409.0	218.24	223.09	2716.41
255417.0	431.64	795.86	1526.26
255425.0	228.91	662.98	20.37
255432.0	232.79	395.26	844.85
255440.0	387.5	324.46	-155.2
255448.0	539.31	338.52	-575.68
255457.0	583.92	737.18	1311.89
255464.0	701.29	1001.01	1255.63
255472.0	1011.2	101.36	1906.48
255480.0	1112.08	316.21	1035.93
255487.0	1144.08	561.13	1437.99
255495.0	1493.28	304.09	1139.24
255503.0	1539.83	451.04	1583.48
255511.0	1625.19	170.23	1094.62
255519.0	1340.99	732.33	-214.85
255527.0	586.83	-1033.51	1636.35
255534.0	392.35	-429.7	1455.45
255542.0	244.43	426.3	993.74
255550.0	-265.29	42.19	194.96
255558.0	-408.84	72.26	1025.26
255566.0	-50.44	1354.08	3202.86
255574.0	-410.3	382.17	1082.49
255582.0	-556.28	690.62	190.6
255590.0	-1036.9	36.37	1791.06
255597.0	-915.17	673.16	640.18
255605.0	-1385.61	1130.51	5662.71
255613.0	-1328.87	130.46	6103.56
255622.0	-908.38	-1629.56	6569.64
255628.0	-939.91	-2792.56	3727.13
255636.0	-1013.62	-1013.62	3064.15
255644.0	-359.38	-270.14	5585.6
255652.0	-736.7	-323.49	2199.9
255660.0	-1041.27	-1068.43	-1162.03
255668.0	-1563.6	-1649.44	-1984.08
255677.0	-1327.41	-1448.17	435.52
255683.0	-451.04	-384.11	1333.71
255691.0	-76.63	586.35	2115.51
255699.0	-245.89	495.17	665.89
255708.0	-516.51	-120.76	-1453.51
255715.0	-338.52	-817.69	1327.41
255723.0	-13.58	-1082.98	3410.43
255730.0	379.75	-901.59	2532.12
255738.0	154.23	-497.6	-242.98
255746.0	-90.21	-132.4	546.1
255754.0	-6.79	-5.82	931.66
255763.0	382.65	-362.29	2041.8
255770.0	526.21	-566.95	1733.83
255777.0	218.73	-789.56	-307.97
255785.0	97.97	-773.55	-1390.94
255793.0	218.24	-479.65	456.86
255801.0	525.24	47.53	2189.72
255809.0	711.96	325.91	388.96
255818.0	504.87	171.2	-286.63
255825.0	323.49	-166.35	-328.34
255832.0	450.55	-293.42	856.0
255841.0	784.71	-79.54	1384.64
255848.0	738.15	342.89	1470.0
255856.0	585.86	778.4	-336.1
255864.0	456.86	753.67	-464.62
255871.0	538.34	724.57	1333.23
255879.0	613.51	783.25	1841.01
255888.0	544.16	953.48	586.35
255895.0	324.46	1011.2	-128.04
255903.0	173.14	1100.44	424.36
255912.0	299.24	1178.03	847.76
255919.0	306.03	1271.64	1701.82
255926.0	159.08	1249.81	1005.38
255934.0	-77.11	1205.19	-24.25
255942.0	-188.66	1134.39	298.75
255950.0	-234.25	1222.17	1814.34
255958.0	-251.71	1349.72	1692.12
255966.0	-294.39	1023.81	-2499.14
255973.0	-56.26	1145.54	2298.84
255981.0	-651.82	1965.17	-145.5
255989.0	-1117.41	1092.68	39.77
255997.0	-650.85	1469.51	-2939.99
256005.0	-1937.04	921.96	-1969.05
256013.0	-1272.12	-675.1	13923.5
256020.0	1429.74	2981.22	4670.43
256028.0	1061.15	2700.41	15891.58
256037.0	-4196.59	1524.32	-376.84
256044.0	-2432.7	1941.89	4141.79
256052.0	-780.34	2001.54	2646.58
256060.0	1010.71	1259.03	670.25
256068.0	1600.94	1887.57	1249.33
256075.0	1263.88	507.78	789.56
256083.0	1256.12	540.28	1576.21
256092.0	1128.08	-174.6	1089.28
256099.0	1307.04	-340.95	1274.55
256107.0	1131.48	-207.09	1389.97
256114.0	681.41	196.42	354.53
256122.0	571.32	-93.12	970.46
256130.0	546.58	-342.89	1584.94
256138.0	273.05	-9.21	1013.62
256146.0	252.68	-362.77	1012.17
256155.0	56.26	-297.3	2057.32
256161.0	211.94	-202.72	477.71
256169.0	73.72	157.14	1277.46
256177.0	145.01	-49.47	1978.75
256185.0	25.7	159.56	579.56
256193.0	192.54	131.43	890.44
256201.0	217.27	356.47	551.43
256209.0	207.57	169.75	315.24
256216.0	354.04	-238.61	1962.26
256224.0	305.54	-155.2	235.22
256233.0	117.37	99.91	989.86
256240.0	118.34	413.69	591.2
256248.0	121.25	151.32	776.95
256256.0	139.19	196.42	1087.34
256263.0	86.81	60.14	717.78
256271.0	52.86	605.75	1013.62
256279.0	81.96	915.17	1486.97
256287.0	-24.73	-218.73	818.17
256295.0	-17.46	325.43	556.28
256303.0	-28.61	-76.14	1086.37
256310.0	43.65	388.47	978.22
256318.0	-12.12	709.54	1578.15
256326.0	-37.34	-16.0	1384.64
256335.0	29.58	192.54	621.75
256342.0	16.0	455.89	1037.39
256349.0	-36.37	669.77	339.49
256357.0	-10.18	122.7	910.32
256365.0	-34.92	511.18	712.93
256373.0	-38.8	447.64	1221.68
256381.0	-81.96	239.58	605.75
256389.0	-71.29	893.83	1715.4
256397.0	-189.63	412.72	1110.14
256405.0	-170.72	553.37	967.55
256412.0	-383.14	646.97	714.87
256420.0	-345.8	279.84	736.7
256428.0	-286.63	500.51	1248.84
256436.0	-317.67	340.46	542.7
256444.0	-204.18	453.46	872.49
256452.0	-152.29	466.07	1196.95
256459.0	-189.15	324.46	393.32
256467.0	19.88	502.45	1492.31
256475.0	-145.01	329.31	1519.95
256483.0	317.18	260.44	976.28
256491.0	185.27	427.76	2427.36
256498.0	-16.49	1051.94	2989.95
256506.0	-26.67	93.12	1244.48
256514.0	161.5	182.36	86.81
256522.0	57.23	840.0	256.07
256530.0	77.6	655.7	-664.43
256538.0	555.31	966.58	1257.57
256545.0	516.51	36.37	1242.54
256554.0	29.58	273.05	1966.14
256561.0	531.06	648.43	738.64
256569.0	639.21	302.15	826.9
256577.0	475.29	405.93	1593.67
256585.0	764.34	47.04	1398.7
256593.0	737.67	487.9	870.55
256600.0	1176.09	335.61	1707.16
256608.0	1345.84	92.63	1324.5
256616.0	1498.61	613.51	1154.27
256624.0	1407.43	489.35	724.09
256632.0	1054.85	286.63	3230.02
256640.0	629.51	570.35	941.36
256647.0	176.05	1143.6	1950.62
256655.0	-215.33	363.74	2500.59
256663.0	-558.22	243.46	512.63
256671.0	-613.51	-170.23	1739.65
256679.0	216.79	972.4	2382.26
256687.0	-705.66	1468.54	3841.1
256695.0	-1380.27	-479.65	-637.76
256702.0	-382.65	-1169.79	-2290.11
256710.0	-836.12	-568.41	1107.23
256718.0	-1525.29	1390.46	5528.85
256726.0	-1449.63	600.41	1102.38
256735.0	-1369.12	-1281.82	5281.03
256741.0	-584.89	-517.48	1695.03
256749.0	-604.78	-1700.37	7206.91
256757.0	189.63	-405.45	3650.01
256765.0	-557.74	-1145.05	2216.88
256773.0	-925.36	-1061.64	-2038.89
256781.0	-1134.39	-1255.63	-781.31
256790.0	-503.42	-441.82	1197.92
256796.0	155.68	118.34	2025.31
256804.0	157.14	291.96	1292.01
256812.0	-53.83	-10.18	-1652.35
256820.0	-322.03	-601.38	666.86
256828.0	197.87	-848.73	1698.43
256836.0	416.6	-747.85	3514.7
256844.0	490.81	-438.91	221.15
256851.0	-40.74	-148.41	38.8
256859.0	-101.85	-110.09	-455.89
256867.0	97.48	-311.85	1978.26
256876.0	370.53	-485.47	1659.14
256883.0	302.63	-582.95	262.38
256891.0	-7.27	-548.04	-1063.09
256898.0	-15.52	-326.4	-206.6
256906.0	158.59	-154.71	1901.15
256914.0	495.17	-5.33	1290.55
256922.0	328.82	-35.89	603.32
256930.0	157.14	-192.54	-751.25
256938.0	86.81	-350.16	916.14
256945.0	366.65	-223.58	1533.04
256953.0	502.93	-12.61	2133.94
256961.0	384.11	244.43	288.08
256970.0	224.06	323.49	54.32
256977.0	224.55	215.82	712.93
256984.0	390.9	223.09	1837.62
256992.0	413.69	356.95	1400.16
257000.0	293.42	519.91	187.21
257008.0	122.7	470.44	127.07
257016.0	186.24	533.97	743.97
257024.0	307.97	670.25	2020.94
257032.0	336.1	743.49	1307.04
257039.0	199.33	738.64	706.14
257047.0	101.36	697.41	330.76
257055.0	152.29	814.78	1617.92
257063.0	210.48	775.98	1485.03
257072.0	71.29	1131.48	3195.1
257079.0	195.45	907.41	1224.59
257087.0	132.4	1042.72	1337.59
257094.0	47.04	999.07	665.4
257102.0	67.9	977.25	342.89
257110.0	64.02	965.12	1826.46
257118.0	197.87	1099.47	1171.73
257126.0	76.63	1096.07	1196.46
257133.0	78.08	1051.45	-134.34
257141.0	-3.39	1032.54	1056.3
257149.0	85.84	1068.43	756.1
257157.0	31.52	1114.02	1224.11
257165.0	-517.48	-1820.64	679.95
257173.0	267.71	593.14	-553.86
257181.0	-838.06	-178.48	5645.74
257188.0	-246.86	878.8	-8321.9
257196.0	-2317.75	2863.36	15891.58
257204.0	719.72	3455.53	-8156.03
257212.0	2316.78	6353.33	15331.9
257220.0	1624.22	1647.02	-2475.38
257228.0	-2231.91	1082.98	4852.78
257235.0	-1840.04	1898.73	2522.42
257243.0	-324.46	2255.68	3989.51
257251.0	-2125.7	33.95	898.68
257259.0	907.9	289.05	1033.99
257267.0	834.66	301.66	705.66
257278.0	932.63	163.93	877.83
257283.0	843.88	-68.87	578.1
257290.0	353.56	-121.73	1433.14
257298.0	478.68	103.79	838.06
257307.0	548.52	-357.44	529.12
257314.0	461.22	-324.46	912.75
257322.0	430.67	-258.98	1351.66
257329.0	196.42	-26.67	756.1
257337.0	-47.53	-136.28	704.2
257345.0	163.44	67.41	13.58
257353.0	54.8	-98.94	733.79
257361.0	-12.12	127.07	1354.57
257368.0	141.62	-229.88	1510.74
257376.0	-49.47	286.63	1523.83
257384.0	-31.04	221.64	1411.8
257393.0	64.5	45.59	1276.0
257400.0	37.34	147.92	1163.48
257408.0	212.91	177.99	801.2
257416.0	0.0	362.77	839.03
257423.0	106.7	69.35	1309.95
257431.0	145.98	25.22	1243.02
257439.0	40.74	194.96	1251.27
257447.0	23.76	169.26	693.05
257455.0	-0.48	161.99	1293.46
257463.0	-90.69	420.0	1565.05
257471.0	-89.72	-1.45	902.56
257478.0	-13.09	129.98	1237.69
257486.0	-63.53	337.07	498.57
257494.0	-32.98	-148.89	1142.63
257502.0	-13.09	26.67	961.73
257510.0	168.78	-267.71	214.36
257518.0	301.18	1124.2	1000.04
257525.0	85.84	495.17	787.62
257533.0	72.26	57.23	664.43
257541.0	53.35	480.62	495.17
257549.0	41.71	545.13	792.47
257557.0	97.0	375.87	971.91
257565.0	37.34	527.67	872.98
257572.0	-63.05	544.16	1218.29
257580.0	-89.72	64.02	884.13
257588.0	19.88	641.15	499.54
257596.0	-47.53	197.87	471.89
257604.0	-94.09	147.44	1308.5
257611.0	-200.3	21.34	1500.07
257619.0	-272.56	783.74	1843.92
257627.0	-85.84	785.68	-54.8
257635.0	-117.85	421.45	769.67
257643.0	-145.5	568.41	934.09
257651.0	-185.27	512.15	649.88
257660.0	-124.16	-180.9	959.3
257667.0	-76.14	-198.84	969.0
257674.0	-14.55	830.78	-304.09
257682.0	-9.7	414.18	-368.59
257690.0	-337.07	548.04	1583.97
257698.0	-347.25	365.2	1635.38
257706.0	-83.42	765.31	207.09
257713.0	-64.02	-52.38	2064.59
257721.0	-302.63	801.2	1014.11
257729.0	-362.29	733.3	161.99
257737.0	-123.67	384.59	1221.68
257745.0	299.72	348.22	349.19
257753.0	-2.91	545.13	930.69
257760.0	591.68	206.12	1903.09
257769.0	631.45	553.86	374.41
257776.0	1144.08	108.15	1712.49
257784.0	845.33	770.64	1895.33
257792.0	577.62	946.21	710.99
257800.0	727.97	907.9	604.78
257807.0	472.86	650.85	560.65
257815.0	-49.95	84.39	847.27
257823.0	-199.81	425.82	1930.25
257831.0	-111.06	299.24	932.63
257839.0	-483.53	641.64	946.21
257848.0	-181.87	544.64	915.17
257854.0	-116.88	672.68	1599.97
257862.0	311.36	1177.55	110.09
257870.0	-330.28	1536.92	-743.97
257878.0	-505.36	-360.83	5300.43
257886.0	-396.23	-300.69	3914.82
257894.0	-180.9	412.24	5128.26
257901.0	-334.16	598.96	4678.19
257910.0	180.42	-1102.86	6997.4
257917.0	-204.18	-1119.35	5752.43
257925.0	354.04	-1896.79	494.2
257933.0	227.94	-4634.05	6318.41
257941.0	969.49	-724.57	5279.09
257949.0	744.46	-951.06	2800.8
257956.0	11.15	121.25	-477.71
257964.0	-436.0	-147.92	-1898.73
257973.0	-32.01	-755.13	884.13
257980.0	883.16	-1091.71	3206.25
257988.0	1022.84	-329.31	2953.09
257996.0	579.56	184.78	-1330.81
258003.0	43.65	351.62	51.41
258011.0	327.85	429.7	1788.63
258020.0	751.25	219.21	3483.18
258027.0	765.79	-47.53	1128.57
258035.0	105.73	-204.66	-370.53
258043.0	-233.28	-277.9	-1820.64
258050.0	-103.79	-57.71	695.96
258058.0	185.75	266.74	2389.53
258066.0	243.95	363.74	680.92
258075.0	-66.93	70.32	-1644.59
258082.0	-186.72	-235.7	-1189.67
258090.0	-16.97	-388.96	1531.1
258098.0	432.12	-230.37	1926.85
258105.0	446.19	-187.69	1647.02
258114.0	227.46	-211.45	-203.69
258121.0	175.08	-315.24	333.19
258129.0	400.6	-352.59	1843.44
258137.0	542.22	-267.71	2949.69
258144.0	422.42	-57.23	714.39
258152.0	196.9	-2.91	-707.11
258161.0	136.28	-26.67	262.38
258168.0	298.75	84.39	1643.62
258176.0	424.36	265.77	1808.52
258184.0	283.23	358.89	597.99
258191.0	92.15	356.47	-30.07
258200.0	120.28	357.44	308.45
258207.0	228.43	522.33	2192.14
258215.0	238.13	676.07	1960.32
258223.0	77.6	791.01	503.42
258231.0	-105.73	779.37	-215.82
258239.0	-159.08	791.5	1062.61
258247.0	-77.11	938.94	1801.24
258254.0	-80.51	1056.79	1417.13
258262.0	-288.57	1204.22	622.24
258270.0	-81.96	2212.51	-869.1
258278.0	98.45	1320.62	-1748.86
258286.0	-1001.01	1707.16	3402.67
258293.0	-240.07	629.51	-5614.21
258301.0	-1292.49	1371.54	-1635.38
258309.0	-1818.7	774.52	1526.26
258317.0	-610.6	1506.86	-1438.96
258325.0	-1155.24	1205.19	2700.41
258333.0	-1379.3	1335.65	10584.36
258340.0	831.27	687.71	-9162.86
258349.0	-682.38	1702.79	1571.36
258356.0	-2290.11	320.09	-6163.22
258365.0	-171.69	2243.55	8276.79
258372.0	-1009.74	2086.9	9261.32
258380.0	-3259.11	3746.53	3279.0
258388.0	635.33	1126.63	139.68
258395.0	1197.43	1783.3	874.92
258403.0	774.52	496.63	1107.23
258412.0	906.93	1261.94	1251.75
258419.0	968.52	526.7	575.19
258427.0	1376.39	116.4	1774.57
258434.0	998.1	-31.04	112.03
258443.0	1036.42	-174.11	554.83
258450.0	618.84	-90.69	1308.5
258458.0	700.32	-210.48	1480.18
258466.0	519.42	-178.48	1436.53
258474.0	398.17	288.57	-16.49
258482.0	505.36	-154.71	1005.38
258490.0	270.14	-57.71	1489.88
258497.0	350.16	309.42	670.25
258505.0	158.59	377.81	1838.1
258513.0	383.62	631.45	-256.56
258521.0	331.25	323.0	593.14
258529.0	117.85	0.97	664.43
258537.0	246.37	254.13	1081.52
258544.0	360.35	163.93	661.52
258552.0	223.09	713.9	1087.83
258561.0	176.54	198.84	511.18
258568.0	228.43	122.7	586.83
258576.0	170.72	412.72	1643.62
258584.0	191.57	-127.55	856.97
258591.0	-4.36	266.26	1917.15
258599.0	192.54	-225.03	859.88
258607.0	35.89	203.21	384.11
258615.0	72.75	459.28	663.95
258623.0	14.55	347.74	787.13
258631.0	-49.95	378.78	759.01
258638.0	-51.41	64.99	1393.37
258646.0	80.99	413.21	739.12
258654.0	29.1	390.41	1213.44
258662.0	-204.18	437.46	1250.3
258670.0	-214.85	232.31	993.74
258678.0	-71.78	396.23	1299.28
258685.0	-179.45	471.89	1104.8
258693.0	-73.23	315.73	1294.43
258701.0	-97.97	550.46	1796.39
258709.0	-339.49	600.41	869.1
258717.0	-178.96	406.9	760.95
258725.0	-227.94	114.94	1384.15
258732.0	-385.08	311.36	1187.25
258740.0	-467.53	315.24	1024.78
258748.0	-299.24	-285.17	617.39
258756.0	-294.39	16.97	544.64
258764.0	-308.94	193.02	1007.8
258772.0	-319.61	640.67	891.89
258779.0	-120.28	521.85	644.55
258787.0	-211.45	705.66	1027.69
258795.0	-245.89	382.65	1761.47
258803.0	-264.8	244.43	834.18
258811.0	-80.02	126.1	493.72
258819.0	-31.04	24.73	815.26
258827.0	122.7	566.47	925.84
258834.0	-215.33	555.8	599.93
258842.0	20.85	20.37	1179.97
258850.0	327.85	484.02	1163.48
258858.0	225.52	870.07	1107.23
258866.0	28.61	835.63	1175.12
258873.0	82.93	-164.41	1220.71
258882.0	223.09	1422.95	-141.13
258889.0	188.66	14.06	2104.84
258897.0	298.75	12.61	1699.4
258905.0	443.28	525.73	338.04
258913.0	235.7	30.55	-133.37
258921.0	624.18	596.53	661.52
258928.0	548.52	693.53	280.81
258936.0	662.98	308.45	700.81
258944.0	861.34	765.79	648.43
258952.0	1429.74	-40.74	915.66
258960.0	1290.07	-34.92	322.03
258968.0	1491.82	22.79	922.45
258975.0	1788.63	996.16	1298.8
258983.0	1911.33	502.93	1691.64
258991.0	1595.12	-66.93	1420.04
258999.0	805.56	997.13	1999.12
259007.0	280.81	366.17	1020.9
259014.0	-236.19	348.71	2482.65
259022.0	-437.46	627.09	2140.73
259030.0	-670.25	821.08	3353.2
259038.0	-653.28	1289.1	1777.96
259046.0	-994.22	550.46	1793.48
259054.0	-1198.4	-217.76	2675.19
259062.0	-1228.96	605.26	2794.5
259069.0	-1939.95	1086.86	5379.96
259078.0	-1990.87	21.34	3560.29
259085.0	-1222.17	-123.67	3027.29
259093.0	-1235.75	-1572.33	2007.85
259101.0	-1205.19	-1122.75	6242.27
259109.0	-507.78	-887.53	1840.53
259116.0	-848.24	-704.69	2292.05
259124.0	-1087.83	-746.4	-1117.9
259132.0	-1409.86	-717.78	-1454.96
259140.0	-722.15	-470.44	170.23
259148.0	-285.17	-101.36	2419.6
259156.0	-112.52	222.12	1595.12
259163.0	-226.0	116.4	-2009.79
259172.0	-504.39	-566.47	911.29
259179.0	-137.25	-682.86	1308.5
259187.0	232.79	-453.95	3190.25
259195.0	484.5	-198.36	1120.81
259203.0	-13.09	-322.52	1196.95
259211.0	-60.62	-304.09	-528.15
259218.0	27.64	-410.3	2073.32
259226.0	348.71	-539.31	2740.66
259234.0	372.96	-469.95	929.24
259242.0	75.17	-415.15	-325.43
259250.0	-43.16	-388.47	264.8
259258.0	70.81	-359.38	1842.47
259265.0	454.92	-193.99	1207.13
259274.0	425.82	-49.47	1549.05
259281.0	247.34	-119.79	-459.28
259289.0	120.76	-247.83	335.13
259297.0	347.74	-171.2	1294.92
259304.0	545.61	104.27	2194.08
259313.0	593.62	426.79	171.2
259320.0	449.58	517.48	-171.69
259328.0	358.41	113.97	403.99
259336.0	594.59	350.16	970.46
259344.0	680.44	510.21	1099.47
259352.0	598.96	601.38	370.05
259359.0	401.08	553.86	-171.69
259367.0	397.2	594.11	-100.39
259375.0	450.55	656.19	1711.04
259384.0	508.75	751.25	1372.51
259391.0	434.06	783.74	698.38
259399.0	289.54	809.93	348.22
259406.0	216.3	863.28	1265.33
259414.0	240.07	916.14	1538.38
259422.0	217.76	986.46	1568.45
259430.0	50.44	991.31	1086.86
259438.0	1.45	980.64	533.49
259446.0	28.13	959.3	1296.37
259454.0	66.44	981.13	1932.67
259461.0	24.25	988.89	1596.09
259469.0	-68.87	1018.47	431.64
259477.0	-184.3	1020.41	676.56
259485.0	-176.05	1061.15	941.85
259493.0	-47.53	-338.52	1770.2
259501.0	614.96	1647.02	-2884.7
259508.0	-830.3	1297.83	1663.02
259516.0	-491.29	1580.09	-5144.26
259524.0	-2560.73	477.71	15891.58
259532.0	2278.96	-138.71	11130.46
259540.0	1502.01	4010.84	4453.64
259547.0	-2538.91	2844.45	-1516.56
259555.0	-1423.92	2515.14	1698.91
259563.0	1446.72	3511.31	7458.13
259571.0	-1591.24	1702.31	544.16
259579.0	-266.26	1337.11	1770.2
259587.0	992.77	655.22	1303.65
259596.0	1050.48	22.79	950.09
259603.0	769.67	455.4	740.09
259610.0	770.64	132.89	1078.13
259618.0	877.34	-50.92	944.76
259626.0	709.05	-258.01	924.39
259634.0	769.67	-230.37	1539.35
259642.0	598.47	-296.81	1535.95
259649.0	623.69	-394.78	1448.17
259657.0	531.06	-123.67	923.9
259665.0	539.79	446.67	685.29
259673.0	327.85	6.3	1053.39
259681.0	343.37	-185.75	786.16
259689.0	468.98	-111.06	750.76
259696.0	312.82	71.29	1273.09
259705.0	420.48	-40.74	911.29
259712.0	204.18	-24.25	951.06
259721.0	228.43	-70.32	690.62
259728.0	228.91	-55.29	805.08
259736.0	172.17	305.06	994.22
259744.0	204.66	-249.77	882.68
259751.0	89.72	108.15	519.42
259759.0	94.09	232.31	921.48
259767.0	167.32	573.25	403.99
259775.0	60.14	550.95	1129.54
259783.0	47.53	210.97	1132.45
259790.0	-15.52	39.77	1438.47
259799.0	30.55	324.94	768.22
259806.0	-125.61	20.37	2040.83
259814.0	-185.75	2.91	1218.77
259822.0	-62.56	350.65	658.13
259830.0	-60.62	235.7	588.29
259837.0	-31.52	-129.98	849.21
259846.0	-108.64	244.43	1316.26
259853.0	-256.07	280.32	1367.66
259861.0	-512.63	265.77	822.54
259869.0	-467.04	125.61	1026.72
259877.0	-444.25	129.98	1737.71
259885.0	-303.12	747.37	552.89
259892.0	-786.65	-48.01	1962.74
259900.0	-711.48	105.73	1534.98
259908.0	-764.34	25.22	855.52
259916.0	-802.65	-238.13	642.12
259924.0	-601.38	358.41	969.97
259931.0	-458.8	258.5	1463.21
259940.0	-309.42	1110.14	872.98
259947.0	-401.08	284.2	1424.89
259955.0	-499.05	46.56	739.61
259963.0	-318.64	312.82	191.08
259971.0	-300.69	533.97	708.08
259979.0	-530.58	-25.7	1177.55
259986.0	-201.75	649.88	1914.73
259994.0	-229.88	-770.64	1739.65
260002.0	37.34	9.21	955.42
260010.0	170.72	248.31	579.07
260018.0	138.71	649.4	791.98
260026.0	181.39	1185.79	-164.9
260034.0	113.97	155.68	707.11
260041.0	242.98	209.03	584.41
260049.0	196.9	595.08	985.01
260057.0	545.61	-32.98	396.72
260065.0	558.22	362.77	310.88
260073.0	485.96	359.86	561.62
260080.0	470.44	852.12	1009.74
260088.0	405.45	-33.46	195.93
260096.0	994.22	-5.82	242.01
260104.0	427.76	522.33	1592.21
260112.0	701.78	929.24	-138.22
260120.0	694.99	581.5	976.28
260127.0	775.98	328.82	1239.63
260135.0	1364.27	727.97	-690.62
260143.0	1554.38	558.71	1313.83
260151.0	1500.07	484.99	971.43
260159.0	1729.46	583.92	1398.7
260168.0	1922.97	677.04	1335.65
260174.0	2006.88	492.26	1027.69
260182.0	1915.7	365.2	937.48
260190.0	1486.0	711.48	227.46
260198.0	457.83	550.95	823.99
260206.0	265.77	264.8	1207.13
260214.0	-323.49	355.5	1102.38
260222.0	-518.45	223.09	1771.17
260229.0	-926.33	-128.04	770.64
260237.0	-1296.37	898.68	2466.16
260245.0	-1663.51	729.91	1360.87
260253.0	-1646.53	882.68	4610.77
260262.0	-1239.63	-25.22	4759.18
260269.0	-2177.59	157.62	6248.09
260276.0	-1852.17	-918.08	4003.08
260284.0	-1630.04	-1028.66	4613.68
260292.0	-1813.37	-2951.63	1836.16
260300.0	-546.1	0.0	2497.68
260308.0	-824.48	48.5	5555.04
260316.0	-722.15	-281.29	-96.03
260324.0	-1195.01	-632.42	-3425.95
260332.0	-1175.61	-1166.88	420.48
260339.0	-550.46	-1230.9	3087.91
260347.0	175.57	-159.56	874.43
260355.0	71.29	214.85	1584.45
260363.0	-404.48	222.12	78.08
260371.0	-192.54	-115.91	46.07
260378.0	277.41	-574.22	2631.06
260386.0	536.4	-843.88	4544.82
260394.0	344.83	-871.04	-182.36
260402.0	29.1	-588.77	-1184.82
260410.0	-130.46	-305.54	1715.89
260418.0	293.42	-191.57	1979.72
260425.0	606.72	-346.77	1244.48
260433.0	382.65	-332.7	535.43
260442.0	38.31	-576.65	-597.99
260449.0	150.35	-761.92	-1126.63
260457.0	463.16	-567.92	2529.21
260465.0	616.42	-22.31	1873.99
260473.0	540.76	165.87	-809.44
260480.0	299.72	99.91	-998.1
260488.0	245.4	-250.25	1389.49
260497.0	577.13	-319.61	1196.95
260504.0	753.19	-76.14	977.73
260512.0	485.47	169.26	723.6
260520.0	302.63	305.54	-682.86
260527.0	420.0	397.2	445.7
260535.0	519.91	526.21	2278.96
260544.0	477.71	617.87	1593.67
260551.0	349.19	673.65	-843.39
260559.0	132.4	662.49	172.66
260567.0	142.1	704.69	1198.89
260574.0	295.84	947.67	1340.99
260582.0	269.17	1033.02	1138.27
260590.0	-15.52	1007.32	752.7
260598.0	-97.48	1007.8	45.59
260607.0	-65.96	1081.04	1242.54
260613.0	-127.07	1232.35	2547.64
260621.0	-210.48	1381.73	1029.63
260629.0	-377.32	1440.41	45.59
260637.0	-494.69	1405.49	871.52
260645.0	-457.83	1449.14	1705.7
260654.0	-344.34	1071.82	1146.51
260661.0	-241.04	1356.02	145.01
260668.0	-609.63	2063.14	300.21
260676.0	-913.23	635.82	-3484.63
260684.0	403.51	3360.48	-982.1
260692.0	288.57	2429.79	12584.45
260700.0	-1811.43	1405.98	-4735.42
260707.0	-1673.69	2413.3	-442.79
260715.0	-487.9	3017.59	7283.54
260723.0	-1421.98	2882.28	-258.01
260731.0	240.55	1274.55	1908.91
260739.0	1202.28	691.59	281.29
260748.0	833.21	620.78	617.87
260755.0	914.2	294.39	920.51
260762.0	893.35	313.3	773.07
260770.0	1052.91	494.2	787.13
260778.0	1100.44	-130.46	1066.49
260786.0	944.76	106.7	387.99
260795.0	750.28	-40.74	648.43
260802.0	681.89	-392.35	1325.47
260809.0	390.9	162.96	1221.2
260817.0	240.07	238.61	1483.58
260825.0	215.82	324.46	1165.42
260833.0	205.15	221.15	812.84
260841.0	89.72	166.84	502.45
260849.0	97.48	406.9	1344.87
260858.0	98.94	238.61	1378.82
260865.0	-13.09	183.81	1095.59
260872.0	58.68	25.7	1021.87
260880.0	64.99	147.92	1073.76
260888.0	67.41	316.7	675.59
260896.0	131.43	-270.14	1281.82
260903.0	125.13	-150.83	1420.53
260912.0	92.15	288.57	1201.31
260919.0	-88.75	-106.7	613.99
260927.0	52.38	299.24	966.58
260935.0	-110.09	107.18	1523.35
260943.0	-102.33	379.75	114.46
260951.0	-136.28	302.15	1648.96
260958.0	-212.42	114.46	804.11
260966.0	-217.27	369.08	1838.1
260974.0	-67.41	-177.02	941.36
260982.0	-212.42	373.93	1187.25
260990.0	-41.22	338.52	885.1
260998.0	-40.74	248.31	1048.06
261005.0	-108.15	297.3	747.37
261014.0	-112.52	-35.89	376.84
261021.0	-213.39	485.47	1412.28
261029.0	-248.8	121.73	543.19
261037.0	-181.87	366.17	819.63
261045.0	-294.39	-204.66	924.39
261052.0	-339.01	50.44	992.28
261060.0	-437.46	27.16	1809.97
261068.0	-329.79	530.09	369.08
261076.0	-261.89	729.42	1242.54
261084.0	-348.22	-54.8	1594.15
261092.0	-542.7	-195.45	1434.11
261099.0	-493.23	220.18	882.68
261107.0	-323.49	725.54	247.34
261115.0	-278.87	-67.9	1130.99
261123.0	-363.74	764.34	1398.7
261131.0	-111.06	184.3	1038.36
261140.0	60.14	1137.3	-36.37
261147.0	155.68	604.29	1499.1
261154.0	121.73	293.9	918.08
261162.0	253.16	286.63	1135.84
261170.0	274.99	244.43	547.07
261178.0	381.68	548.52	650.85
261186.0	-93.6	705.66	-145.98
261194.0	407.39	579.07	30.55
261201.0	243.46	-394.78	124.16
261209.0	161.5	401.08	1822.58
261217.0	158.59	325.43	524.76
261225.0	179.93	327.85	1231.87
261233.0	349.68	326.88	1437.02
261241.0	419.51	1281.82	1089.77
261249.0	18.91	741.55	-443.28
261256.0	-7.27	-278.87	1822.1
261264.0	-257.04	1022.84	4616.59
261272.0	388.47	355.5	-116.88
261280.0	365.2	996.65	593.14
261288.0	472.38	-53.35	2196.99
261295.0	546.1	821.57	1251.27
261303.0	911.29	617.87	896.74
261311.0	896.74	878.8	890.92
261319.0	1085.89	642.61	516.03
261327.0	1043.21	597.5	736.21
261335.0	795.38	1661.08	878.31
261343.0	468.01	368.11	1096.07
261350.0	168.29	-225.03	1541.77
261358.0	220.18	369.08	937.0
261366.0	-69.35	-109.12	1228.47
261374.0	-174.11	128.04	1086.37
261382.0	-140.65	430.67	725.54
261389.0	63.05	637.27	523.3
261397.0	-60.14	1618.89	2801.29
261406.0	-442.31	1036.9	1332.74
261413.0	-957.36	218.24	285.17
261421.0	-560.65	-992.28	1120.32
261429.0	-914.69	2865.79	2656.76
261436.0	-138.22	1465.63	2890.04
261444.0	12.12	-176.54	5582.69
261452.0	-344.83	-1414.22	3830.91
261460.0	-249.28	-1844.89	2440.94
261468.0	359.86	-2157.22	3737.8
261476.0	694.99	-1572.33	7646.31
261484.0	526.21	-1412.28	2639.79
261491.0	-228.43	249.77	-1524.32
261499.0	-765.31	-181.39	-1294.92
261507.0	-529.12	-240.55	1733.83
261516.0	310.88	-238.13	2394.87
261523.0	367.14	-1.45	1512.68
261531.0	-99.91	-119.79	-657.16
261538.0	-502.93	-44.62	-1413.25
261547.0	-97.48	-201.27	1626.65
261554.0	435.52	195.45	3287.24
261562.0	432.61	269.17	1256.6
261570.0	44.62	-58.68	-1509.28
261577.0	-272.08	-482.08	-682.86
261586.0	35.89	-595.08	1077.16
261593.0	449.58	-421.45	1937.52
261601.0	527.18	-103.3	1008.77
261609.0	160.53	-4.36	-840.48
261617.0	28.61	-170.23	-893.83
261626.0	300.69	-363.74	1444.78
261633.0	317.67	-451.04	-3537.01
261640.0	727.0	3554.96	2042.77
261648.0	339.01	3479.3	-2877.43
261656.0	24.73	49.47	1014.59
261664.0	72.26	-1913.27	-1025.75
261672.0	366.65	-2350.25	3531.19
261680.0	452.49	-1011.2	-584.89
261687.0	306.03	1215.38	612.54
261696.0	247.83	2118.91	-125.13
261703.0	497.11	1720.73	1175.12
261711.0	578.1	148.89	2874.03
261719.0	449.58	-674.62	77.6
261727.0	165.87	-763.37	553.86
261734.0	213.39	177.51	-1234.78
261742.0	222.61	1199.37	3183.94
261751.0	428.24	1702.79	454.92
261758.0	183.33	1235.26	1776.02
261766.0	27.16	656.67	-989.37
261774.0	-184.3	217.27	1042.24
261782.0	0.97	430.18	1202.77
261789.0	-2.91	959.3	2088.36
261797.0	-110.09	1232.84	1162.51
261806.0	-209.51	1284.25	-206.6
261813.0	-275.47	1158.63	1800.76
261821.0	-158.11	1037.87	1599.97
261828.0	-224.55	1045.15	2639.79
261836.0	-274.02	1119.35	193.02
261844.0	-490.81	1183.85	1129.54
261852.0	-41.22	1584.94	-2971.52
261860.0	267.23	1203.25	2400.69
261868.0	-557.74	1147.96	684.32
261876.0	-409.81	1519.47	-3520.04
261883.0	-1376.88	824.96	-4612.23
261891.0	-62.08	2305.63	3089.37
261899.0	880.25	1650.9	1793.48
261907.0	474.32	2197.96	5912.96
261915.0	-1973.9	722.15	-3515.19
261922.0	-1615.98	1182.4	1542.74
261930.0	574.71	2924.47	5001.19
261938.0	-501.48	1682.91	36.37
261946.0	-1020.9	1724.61	6388.74
261954.0	-548.52	357.44	640.18
261962.0	825.45	413.69	761.43
261970.0	960.76	409.33	1211.98
261978.0	579.56	84.87	767.73
261985.0	591.68	169.26	837.09
261993.0	789.56	118.82	1052.91
262001.0	866.67	231.34	-36.37
262009.0	691.11	-31.52	1938.01
262017.0	452.01	41.71	1008.77
262025.0	515.54	169.75	433.58
262032.0	514.09	76.14	797.8
262040.0	527.18	-166.84	1580.09
262048.0	287.11	-16.49	1027.69
262057.0	419.51	-412.24	1684.36
262064.0	95.06	198.36	815.26
262072.0	375.38	-153.26	1052.91
262079.0	343.37	608.66	943.79
262087.0	87.78	520.88	1004.41
262095.0	290.51	-49.47	1179.49
262103.0	137.74	661.04	961.24
262110.0	172.66	834.18	1340.99
262119.0	94.57	18.91	528.64
262126.0	193.02	435.03	1020.9
262134.0	240.07	204.18	981.61
262142.0	232.31	755.13	1542.26
262150.0	84.87	343.86	1037.87
262158.0	97.0	178.96	1174.15
262165.0	23.76	599.44	1469.51
262173.0	153.26	467.53	1928.31
262181.0	-80.99	83.9	832.24
262189.0	-18.43	141.13	1270.67
262197.0	-91.66	310.39	1111.11
262205.0	13.58	-64.99	385.08
262212.0	-1.45	-126.1	1412.28
262221.0	-49.47	7.27	879.77
262228.0	-212.91	307.97	972.4
262237.0	-110.09	477.71	791.5
262244.0	-200.3	390.41	1264.85
262252.0	-347.25	-220.18	567.44
262259.0	-247.83	319.61	1248.84
262268.0	-314.76	508.75	1480.67
262275.0	-416.12	258.98	537.85
262283.0	-418.54	65.96	1025.26
262291.0	-353.07	208.06	1400.64
262299.0	-279.84	251.22	752.7
262307.0	-425.33	326.88	1034.48
262314.0	-291.48	482.08	445.22
262322.0	-354.04	145.01	912.26
262330.0	-352.1	440.37	1276.97
262338.0	-387.02	710.02	823.51
262346.0	-275.96	134.83	478.68
262354.0	-162.96	276.93	556.28
262362.0	-30.07	120.76	826.9
262369.0	174.6	551.43	580.53
262378.0	-114.46	1163.48	1678.54
262385.0	-60.14	-39.77	386.53
262393.0	228.91	496.14	542.22
262401.0	195.93	260.44	1530.13
262409.0	349.68	770.64	803.14
262416.0	271.11	932.15	1398.22
262424.0	408.84	327.37	505.36
262432.0	485.96	783.25	894.32
262440.0	582.95	542.22	1570.39
262448.0	617.87	443.28	1134.87
262456.0	776.95	638.73	1322.08
262463.0	875.89	570.35	440.37
262471.0	889.47	825.93	2266.35
262479.0	1217.32	628.06	290.99
262487.0	1215.38	137.25	2073.32
262495.0	1394.34	-196.9	771.61
262503.0	1439.44	17.94	2743.09
262510.0	1520.92	800.71	932.15
262518.0	1270.67	564.04	195.45
262526.0	802.17	468.98	1102.38
262534.0	425.33	280.32	1359.42
262542.0	125.61	165.87	1522.38
262550.0	-197.39	-116.4	1539.35
262557.0	-463.65	32.01	1190.64
262565.0	-73.23	719.72	1584.45
262573.0	-207.09	475.29	2146.55
262581.0	-396.72	-157.14	2204.75
262589.0	-903.05	-491.78	758.52
262597.0	-946.21	659.58	1216.35
262604.0	-1525.77	1696.0	4859.09
262613.0	-795.38	460.74	5307.7
262620.0	-1497.16	-1902.12	7289.84
262628.0	-424.85	-2754.73	3121.38
262636.0	-1074.73	-2403.6	5451.26
262644.0	-433.09	-1951.1	4749.48
262651.0	-686.74	-633.88	2938.54
262659.0	-945.73	-165.38	-1054.85
262667.0	-1240.6	132.89	-606.72
262675.0	-1144.57	-375.87	-621.75
262683.0	-548.04	-431.15	1725.1
262691.0	-349.68	-216.3	468.5
262700.0	-349.19	-552.4	401.57
262706.0	-486.93	-314.27	-793.44
262714.0	-261.89	-186.72	1360.39
262722.0	20.37	-92.15	2491.38
262730.0	287.11	-297.78	1934.13
262738.0	76.63	-503.42	408.36
262746.0	-97.48	-736.7	-316.7
262753.0	-62.56	-709.05	1632.95
262761.0	246.37	-512.15	1396.76
262769.0	395.26	-323.49	1703.28
262777.0	350.16	-201.75	-253.16
262786.0	175.57	-313.79	422.91
262793.0	300.69	-586.35	530.58
262800.0	522.82	-549.49	2068.96
262808.0	625.15	-342.4	891.89
262816.0	477.23	-129.98	-107.18
262824.0	383.14	-136.77	51.41
262832.0	429.21	19.4	947.67
262840.0	603.81	239.58	1452.05
262847.0	617.87	326.88	493.72
262855.0	467.53	355.98	383.14
262863.0	449.58	413.69	-150.35
262871.0	494.2	575.68	1412.28
262880.0	585.38	747.37	1340.5
262887.0	484.02	938.45	1138.27
262894.0	389.93	950.09	92.15
262902.0	284.69	915.17	801.2
262910.0	315.24	968.52	1360.39
262918.0	314.76	1105.77	1389.97
262926.0	164.41	1170.76	879.28
262935.0	15.03	1418.1	1514.62
262941.0	277.41	1297.83	682.38
262949.0	96.51	1281.34	1330.81
262957.0	-153.74	1135.84	1380.27
262965.0	18.91	1262.42	-646.49
262973.0	-241.52	1358.45	1922.49
262981.0	-83.42	1449.63	927.3
262988.0	-358.41	1444.78	924.87
262996.0	-240.55	888.98	1009.26
263004.0	551.92	1606.76	687.71
263012.0	-721.66	3049.6	1910.36
263020.0	-591.68	-660.55	-3188.79
263028.0	-1221.68	-78.08	8415.01
263035.0	856.49	2283.81	8070.19
263043.0	-4651.03	1900.18	853.58
263051.0	-2174.2	1649.93	4185.44
263060.0	-360.35	2861.43	1087.34
263067.0	400.11	1177.55	942.82
263075.0	1451.57	1507.83	937.0
263083.0	1401.13	701.78	849.7
263091.0	1219.74	479.65	1087.34
263098.0	1062.61	210.48	824.48
263106.0	848.73	-39.77	845.82
263114.0	751.73	-228.91	778.4
263122.0	894.32	4.85	1514.13
263130.0	1047.57	-157.14	489.35
263137.0	737.67	154.71	1134.39
263145.0	700.81	-294.87	927.78
263153.0	422.42	-162.47	1521.41
263162.0	323.97	409.81	1310.44
263169.0	285.17	-25.7	1758.08
263176.0	77.6	497.11	1227.99
263185.0	186.72	292.45	1170.76
263192.0	43.16	112.03	1669.33
263200.0	213.88	288.08	752.7
263208.0	-56.74	-55.77	1308.01
263216.0	408.84	-252.19	517.48
263223.0	11.15	183.81	1486.0
263231.0	231.34	5.82	721.66
263239.0	-197.39	100.88	803.62
263247.0	-43.65	-286.63	1055.82
263255.0	-23.28	184.3	1105.29
263263.0	-118.34	-16.49	2287.2
263271.0	-239.58	299.72	1225.08
263278.0	-107.18	278.87	295.36
263286.0	-361.32	281.78	1881.27
263294.0	-588.77	367.62	718.75
263302.0	-393.81	623.69	1418.59
263311.0	-550.95	424.85	1058.24
263318.0	-464.62	384.59	1371.06
263326.0	-464.13	283.72	872.49
263333.0	-540.76	32.98	963.67
263341.0	-428.73	1.45	869.1
263349.0	-263.83	485.47	605.26
263357.0	-352.1	259.95	903.53
263365.0	-282.75	484.02	821.08
263372.0	-285.17	108.15	802.17
263380.0	-339.01	27.16	1264.85
263388.0	-220.18	344.34	867.16
263396.0	-155.68	548.52	923.42
263404.0	-413.21	159.56	1261.94
263412.0	-222.61	552.4	891.41
263420.0	-129.49	600.41	1146.99
263427.0	-113.49	347.25	438.91
263435.0	29.1	665.89	824.48
263443.0	69.84	605.75	1416.65
263451.0	127.55	472.86	1335.17
263459.0	266.74	485.47	959.79
263466.0	159.56	354.04	1993.78
263474.0	207.09	886.07	632.91
263482.0	260.92	374.41	1530.13
263490.0	100.88	122.22	1616.95
263498.0	96.51	618.84	1115.96
263507.0	625.63	557.74	837.57
263514.0	187.21	65.47	934.09
263522.0	178.96	306.51	739.12
263529.0	81.96	470.44	789.07
263537.0	129.01	142.59	705.66
263545.0	93.12	680.92	818.17
263553.0	272.56	15.52	375.87
263561.0	316.21	702.26	965.61
263569.0	479.17	438.43	994.22
263576.0	540.76	820.11	2654.82
263584.0	939.42	655.7	428.24
263592.0	844.85	1040.3	738.64
263600.0	898.2	363.26	1020.41
263608.0	908.87	689.17	904.99
263616.0	766.28	763.37	631.45
263623.0	538.82	496.14	508.75
263631.0	436.0	202.72	1501.04
263639.0	476.26	105.24	672.68
263647.0	372.96	-155.2	1420.04
263655.0	64.5	276.44	671.22
263663.0	57.23	486.93	996.65
263670.0	-61.11	371.99	876.86
263678.0	191.57	1146.02	983.07
263687.0	-326.88	749.79	2368.68
263694.0	-88.75	-304.57	260.44
263702.0	-601.87	332.22	1454.96
263709.0	-413.21	346.77	3338.17
263717.0	242.01	1180.94	4132.09
263725.0	-368.11	840.97	2905.56
263733.0	-932.15	205.15	6540.05
263742.0	212.91	-1785.72	5346.98
263749.0	54.32	-2952.12	3693.66
263757.0	-138.71	-1626.16	5786.38
263765.0	3.88	-1431.2	4819.8
263772.0	-353.07	-625.63	613.99
263780.0	-621.75	-289.54	108.15
263789.0	-913.72	-177.99	-237.16
263796.0	-365.68	-676.07	1227.02
263804.0	20.85	-375.38	1232.84
263812.0	129.01	-132.89	1979.23
263819.0	-49.95	-99.91	-440.37
263827.0	-123.67	-62.56	21.34
263835.0	62.08	72.26	1967.59
263843.0	266.26	-124.16	2206.21
263851.0	313.79	-57.71	943.3
263859.0	67.41	-228.91	-440.37
263866.0	-101.36	-660.07	165.38
263874.0	89.72	-508.27	-122.7
263883.0	174.11	-332.22	1406.95
263890.0	146.95	-316.7	161.99
263898.0	-27.16	-495.17	-336.58
263905.0	1.94	-619.33	-69.35
263914.0	130.46	-659.1	2191.66
263921.0	403.02	-628.54	2161.1
263929.0	427.76	-595.08	1178.52
263937.0	275.96	-628.06	841.94
263945.0	270.14	-516.03	824.96
263954.0	395.26	-571.32	1730.92
263960.0	523.79	-512.15	1480.67
263968.0	372.47	-346.77	899.17
263976.0	297.3	-308.45	-515.54
263985.0	226.49	-230.85	559.68
263992.0	345.31	-11.15	1322.08
264000.0	393.81	253.16	1320.62
264007.0	339.98	470.92	502.45
264015.0	209.03	596.05	549.49
264024.0	185.27	683.35	993.74
264031.0	233.28	897.23	1464.18
264039.0	114.46	1070.37	1639.74
264047.0	-52.86	1121.29	602.84
264055.0	-234.25	1179.49	356.95
264062.0	-280.81	1193.55	835.63
264070.0	-283.23	1236.72	1583.97
264078.0	-310.88	1330.32	994.22
264086.0	-463.65	1093.65	-1619.37
264094.0	-397.69	1232.84	1881.75
264101.0	-975.79	1598.52	2003.0
264109.0	-686.26	1142.15	-1560.2
264117.0	-968.52	1441.87	-1342.93
264125.0	-1309.95	1242.54	-333.19
264133.0	-788.1	1277.46	861.34
264141.0	-2718.35	-352.59	-6.79
264148.0	422.42	3300.82	4344.52
264156.0	715.84	766.76	11465.58
264164.0	729.91	2048.59	-2382.74
264172.0	-4004.05	2043.74	-2424.45
264180.0	-1254.66	4996.34	12112.56
264189.0	-2743.57	3427.41	1003.92
264196.0	1591.73	2342.97	988.89
264203.0	1146.02	1085.89	468.5
264211.0	517.0	-244.92	929.72
264219.0	557.25	1011.2	1112.56
264227.0	1168.82	-383.14	1286.19
264235.0	1049.03	72.26	1320.62
264243.0	640.67	-327.37	1045.15
264254.0	665.89	-110.09	312.33
264259.0	673.16	-503.9	1188.22
264266.0	380.72	-519.42	1006.83
264274.0	143.07	-223.09	-453.46
264282.0	433.58	85.84	597.99
264290.0	-156.65	48.5	1618.89
264298.0	-79.05	261.41	1226.05
264306.0	-75.17	-69.84	492.26
264313.0	-76.63	117.37	1024.78
264321.0	-24.25	271.11	1363.78
264329.0	-115.43	232.31	1477.76
264337.0	96.03	205.63	730.39
264344.0	13.09	266.26	1576.21
264352.0	242.49	264.8	1112.08
264360.0	165.38	86.81	1123.72
264368.0	120.28	228.43	1429.74
264376.0	140.16	368.11	1660.6
264385.0	144.53	-17.46	1122.75
264392.0	223.58	721.18	1067.94
264399.0	113.0	589.74	678.98
264407.0	86.81	544.16	327.85
264415.0	13.58	-370.53	968.52
264423.0	-6.3	247.83	359.38
264431.0	-53.35	128.52	1340.02
264439.0	-65.47	287.6	1112.08
264446.0	-48.5	567.44	1305.1
264454.0	-194.96	193.99	1292.01
264462.0	-107.67	669.77	113.0
264470.0	-240.07	366.17	575.68
264478.0	-178.96	175.57	1206.16
264485.0	-258.5	156.65	147.92
264494.0	-404.48	-38.8	1794.45
264501.0	-240.55	311.36	-82.93
264509.0	-341.43	37.83	1344.87
264517.0	-426.3	-111.55	961.73
264525.0	-451.04	612.05	1219.74
264533.0	-563.07	496.14	1128.57
264540.0	-442.31	450.55	1214.89
264548.0	-446.67	549.49	256.56
264557.0	-513.12	318.64	901.59
264564.0	-479.17	400.6	779.37
264572.0	-364.71	188.18	1164.94
264580.0	-422.42	252.68	952.52
264587.0	-251.71	292.45	506.81
264595.0	-163.93	437.46	791.01
264603.0	-123.19	292.93	1315.77
264611.0	67.9	563.56	1290.55
264619.0	-81.48	511.66	432.61
264627.0	-45.1	152.29	1596.58
264634.0	-62.56	510.69	1519.47
264642.0	162.96	122.7	1273.58
264650.0	86.33	314.27	2319.21
264658.0	44.62	507.3	935.54
264666.0	103.79	482.56	1346.81
264674.0	411.27	529.12	624.18
264682.0	349.68	608.66	1153.78
264689.0	223.58	143.56	718.27
264697.0	746.4	221.64	1198.4
264705.0	489.84	389.93	-58.2
264713.0	739.12	409.81	1177.06
264721.0	883.16	192.54	1269.21
264729.0	799.26	488.87	1053.39
264736.0	1014.59	355.01	1998.63
264744.0	1319.65	261.89	878.31
264752.0	1477.76	981.61	205.15
264760.0	1461.27	1116.44	755.61
264768.0	1209.07	382.65	392.35
264776.0	1018.47	-253.16	325.91
264783.0	594.11	153.26	403.99
264791.0	487.41	547.07	1185.31
264799.0	102.33	248.8	435.03
264807.0	-24.73	1097.04	306.51
264815.0	-358.89	477.23	1214.41
264823.0	-420.0	587.32	1233.81
264831.0	-509.72	1060.18	3451.17
264838.0	-582.47	343.37	2518.05
264846.0	-868.13	-68.38	730.39
264854.0	-1058.24	1297.34	2915.26
264863.0	-1412.28	763.37	3359.51
264870.0	-1525.29	-38.31	6340.24
264878.0	-1085.89	43.16	3063.66
264885.0	-593.14	-1500.55	2761.03
264893.0	-572.28	-1822.58	6970.72
264901.0	-82.45	976.28	5273.27
264909.0	-459.28	-335.61	1086.86
264917.0	-938.94	-461.22	635.82
264924.0	-1291.04	-1621.8	-1130.99
264932.0	-810.41	-1745.47	25.7
264940.0	-225.03	-728.94	2097.08
264948.0	-71.78	484.02	1944.31
264957.0	-84.87	1026.23	-968.52
264964.0	-309.42	565.98	-8.24
264971.0	-177.02	-398.66	1995.72
264979.0	126.1	-900.14	1733.34
264987.0	238.61	-931.18	1386.09
264996.0	-48.01	-557.74	316.21
265003.0	-171.69	-48.5	-90.21
265011.0	12.12	207.57	589.26
265018.0	150.83	13.58	2375.47
265026.0	252.68	-437.94	547.55
265034.0	67.41	-852.61	-681.89
265042.0	-27.16	-956.88	5.82
265050.0	118.34	-689.17	1148.45
265058.0	434.55	-145.5	1064.06
265066.0	468.01	215.82	779.86
265073.0	272.56	61.59	140.16
265081.0	278.87	-310.88	-337.55
265089.0	416.12	-513.6	1212.47
265097.0	584.89	-363.74	1834.71
265105.0	581.01	-17.94	781.8
265114.0	508.27	278.38	-116.4
265120.0	420.0	419.03	827.39
265128.0	517.97	378.78	1220.23
265136.0	597.5	362.29	1170.27
265144.0	484.99	344.34	776.95
265153.0	360.35	437.94	85.36
265160.0	336.58	526.7	143.56
265168.0	390.41	740.58	1212.47
265175.0	382.17	929.72	1446.23
265183.0	277.9	970.94	277.9
265192.0	123.19	870.07	141.13
265199.0	31.04	866.67	799.74
265207.0	43.16	1011.2	1269.21
265215.0	2.91	1159.12	1127.6
265222.0	-160.05	1260.0	938.94
265230.0	-309.91	1250.3	510.21
265238.0	-353.56	1265.33	843.88
265247.0	-402.05	1286.19	1534.01
265254.0	-448.13	1290.55	1167.36
265262.0	-528.64	1299.28	311.85
265269.0	-586.83	1278.91	271.59
265277.0	-242.01	1904.55	-4189.32
265285.0	64.99	1586.88	1901.64
265293.0	-964.15	1771.66	-2059.74
265301.0	-100.39	-1042.24	12615.49
265308.0	-1521.89	1249.81	10115.86
265316.0	759.49	2964.24	5192.76
265324.0	-3597.64	2873.55	-11613.99
265333.0	-2066.05	3374.54	5404.21
265340.0	-175.08	1489.4	342.4
265348.0	621.27	-156.65	848.24
265356.0	1490.85	17.94	673.65
265363.0	1024.78	151.32	1255.63
265371.0	1149.9	-224.55	2590.8
265379.0	936.51	-90.69	1247.87
265387.0	822.54	-85.84	707.6
265395.0	545.61	217.76	821.57
265403.0	574.71	227.94	662.98
265410.0	799.26	230.37	1098.5
265418.0	473.35	-133.37	1033.51
265426.0	454.43	102.82	974.34
265434.0	297.3	-194.96	1108.68
265442.0	360.83	69.35	1347.29
265450.0	326.4	-287.6	1029.63
265458.0	373.93	-38.8	999.07
265465.0	322.03	-145.5	1632.47
265473.0	360.83	348.22	872.01
265481.0	318.64	193.51	1317.23
265489.0	412.24	89.24	966.58
265497.0	496.14	558.71	1398.22
265504.0	452.01	-108.64	1095.59
265512.0	372.96	-23.28	1260.0
265520.0	323.49	-226.97	1273.09
265528.0	321.06	527.67	1038.36
265536.0	136.77	-317.67	790.53
265545.0	150.83	-296.33	925.36
265552.0	131.92	721.66	511.18
265559.0	40.74	-52.86	543.19
265567.0	-30.55	-32.01	897.23
265575.0	-61.59	-34.43	850.67
265583.0	-30.07	467.53	627.57
265591.0	-95.06	88.27	1772.63
265598.0	-89.72	-582.47	85.84
265607.0	-51.41	-172.66	1399.19
265614.0	-260.92	122.22	1378.33
265622.0	-404.96	912.75	539.31
265630.0	-473.83	129.01	948.15
265638.0	-503.42	149.86	1633.44
265646.0	-539.31	-356.47	616.9
265654.0	-622.24	285.66	1379.3
265661.0	-631.45	289.05	780.83
265669.0	-573.74	384.59	315.73
265677.0	-671.22	270.62	1243.99
265686.0	-731.36	311.85	1123.23
265693.0	-716.33	360.35	836.6
265701.0	-756.1	197.39	632.91
265708.0	-663.46	808.47	744.94
265716.0	-565.98	186.72	533.0
265724.0	-582.47	-370.53	909.84
265732.0	-474.32	433.09	646.0
265740.0	-371.5	494.69	1005.38
265747.0	-395.75	293.42	61.11
265755.0	-362.29	354.04	839.03
265763.0	-404.48	475.29	2292.53
265771.0	-125.61	-255.1	404.48
265779.0	-191.08	-82.45	696.44
265787.0	-63.05	43.16	603.81
265795.0	201.27	266.26	265.29
265802.0	83.9	165.38	-262.38
265810.0	100.88	496.63	1127.6
265818.0	461.22	348.22	1539.35
265826.0	987.92	1035.45	339.98
265835.0	789.07	769.19	1116.44
265842.0	508.75	727.48	1160.57
265849.0	553.37	260.44	1374.94
265857.0	792.47	901.11	1331.29
265865.0	806.53	753.67	395.26
265873.0	831.27	758.52	807.02
265881.0	1304.13	522.33	2164.01
265888.0	1016.53	695.96	2260.53
265896.0	1205.68	370.05	701.29
265904.0	1593.18	619.33	983.07
265912.0	1706.19	280.32	1136.33
265920.0	1716.85	534.94	631.94
265928.0	1753.23	649.4	1593.67
265937.0	1141.66	688.2	116.88
265943.0	887.04	723.6	2309.51
265951.0	309.91	97.97	720.69
265959.0	90.69	429.21	1127.11
265967.0	-296.33	240.55	1114.99
265975.0	-416.12	1074.25	1445.26
265983.0	24.73	1215.38	735.73
265990.0	-567.92	991.8	1354.08
265998.0	-596.05	-148.89	2432.7
266006.0	-424.85	929.72	1803.18
266014.0	-815.26	1913.27	5842.16
266022.0	-1085.4	758.04	4662.18
266031.0	-1422.47	-220.18	3732.95
266037.0	-859.4	-480.14	5392.09
266045.0	-643.58	-1556.32	4741.72
266053.0	-893.83	-2150.92	4707.77
266061.0	-55.77	-914.2	3763.5
266069.0	-791.98	-1313.35	3471.05
266077.0	-1146.51	-1053.88	-404.48
266085.0	-1495.22	-670.25	-3140.29
266092.0	-1016.05	-639.7	870.07
266100.0	-393.81	426.3	3406.07
266108.0	61.11	851.15	475.77
266116.0	-165.87	68.38	-738.64
266124.0	-618.84	-530.09	481.59
266132.0	-274.02	-700.81	563.07
266139.0	201.27	-646.49	1969.53
266147.0	313.79	-286.14	3109.74
266155.0	-21.34	67.41	-398.17
266163.0	-168.29	-57.23	-1407.43
266171.0	-101.36	-336.1	1914.24
266179.0	194.96	-554.83	2699.92
266186.0	381.68	-459.77	243.95
266194.0	67.9	-375.87	-106.21
266202.0	-106.7	-171.69	230.85
266211.0	126.58	-36.86	192.54
266218.0	430.18	75.17	2059.26
266226.0	362.77	57.23	1773.6
266234.0	247.34	76.63	-934.09
266242.0	190.12	39.28	-821.57
266249.0	266.26	50.92	2124.73
266257.0	540.28	321.55	1766.32
266265.0	597.5	750.76	292.45
266273.0	353.07	584.89	128.52
266282.0	255.1	348.71	64.99
266288.0	505.36	419.51	575.19
266296.0	576.65	538.34	1906.48
266304.0	489.84	630.97	1092.19
266312.0	421.94	714.39	-899.65
266320.0	398.17	709.05	329.79
266327.0	453.95	809.93	2051.01
266336.0	554.34	937.97	1350.2
266343.0	466.07	1035.45	264.32
266351.0	205.63	1030.6	453.46
266359.0	217.27	1074.73	514.09
266367.0	355.5	1196.95	1189.19
266374.0	302.15	1266.3	1963.71
266382.0	74.2	1316.26	722.15
266390.0	-31.04	1349.72	-344.34
266398.0	-63.53	1334.2	928.27
266407.0	-49.95	1382.7	1929.28
266414.0	-3.88	1455.45	844.36
266422.0	39.28	1155.24	-4151.01
266429.0	96.51	946.7	3427.89
266437.0	-529.12	1533.04	1200.83
266445.0	-135.31	766.28	-538.34
266453.0	981.61	2701.38	-4277.59
266461.0	-1220.23	2070.9	14020.01
266468.0	858.43	3399.28	794.41
266476.0	1063.58	2699.92	4256.25
266484.0	-130.95	1624.71	5647.68
266492.0	-361.8	1866.72	-1549.53
266500.0	-683.83	1541.77	-435.03
266508.0	-1491.82	753.19	3316.34
266516.0	-933.6	-293.42	2827.48
266523.0	211.94	-124.16	1184.82
266531.0	1104.8	545.13	419.03
266539.0	1329.84	160.53	909.35
266547.0	1267.76	40.74	1203.74
266555.0	1086.37	-248.8	1740.62
266563.0	596.53	293.9	801.68
266570.0	717.3	-421.94	966.58
266578.0	652.79	19.88	916.63
266586.0	441.82	62.56	1560.69
266594.0	327.85	267.23	304.09
266602.0	223.58	-222.61	1026.23
266610.0	40.74	-37.83	999.07
266617.0	31.52	105.73	648.91
266626.0	150.83	-62.08	1731.4
266633.0	10.67	49.95	1601.91
266641.0	103.3	396.72	535.43
266649.0	101.85	184.78	1070.37
266657.0	171.69	364.23	1004.41
266665.0	103.3	-116.4	1324.02
266672.0	226.97	43.65	820.6
266680.0	100.88	-63.05	763.37
266688.0	89.72	150.35	1636.83
266696.0	117.85	592.65	1107.71
266704.0	30.55	272.56	1833.74
266711.0	-5.33	492.75	486.93
266719.0	-162.96	-113.0	777.43
266727.0	-84.39	183.33	1359.42
266735.0	-209.03	122.7	947.67
266743.0	-161.99	323.49	1209.07
266751.0	-232.79	339.98	883.65
266759.0	-300.21	163.44	683.83
266766.0	-452.49	601.38	714.87
266774.0	-457.34	-55.29	1037.39
266782.0	-337.55	159.56	1015.56
266790.0	-372.47	180.9	660.55
266799.0	-438.91	16.97	757.55
266806.0	-435.03	292.45	1007.8
266813.0	-409.33	481.11	420.0
266821.0	-496.14	288.08	479.65
266829.0	-367.62	156.17	1386.58
266837.0	-346.77	-77.11	1023.81
266845.0	-173.14	295.36	665.4
266853.0	-318.15	483.05	1398.22
266860.0	-406.9	-156.65	1077.16
266868.0	-416.12	-144.53	1393.85
266876.0	-260.92	369.56	454.43
266884.0	-351.62	195.93	846.79
266892.0	-289.54	15.52	1359.42
266900.0	-106.21	45.59	953.97
266908.0	17.46	444.73	554.34
266915.0	-195.45	329.31	486.93
266923.0	127.07	-10.18	628.06
266931.0	461.71	777.92	1409.37
266939.0	184.3	736.21	-547.55
266948.0	121.73	259.95	1153.3
266954.0	-103.79	566.47	3031.66
266962.0	-76.63	354.53	618.36
266970.0	-23.76	451.04	1166.39
266978.0	242.98	262.86	1361.36
266986.0	242.98	593.14	1327.41
266994.0	166.84	918.57	137.74
267002.0	504.87	1051.45	-239.1
267010.0	569.38	610.11	1251.27
267017.0	658.61	323.97	-574.22
267025.0	961.24	531.06	734.27
267033.0	1217.8	739.12	1358.93
267041.0	886.56	1813.37	187.69
267049.0	1498.13	182.84	1421.5
267057.0	1215.86	695.47	1467.57
267065.0	897.23	322.52	1302.19
267072.0	245.89	548.04	1072.79
267080.0	-131.92	363.26	1363.78
267088.0	-348.71	425.33	781.31
267096.0	-480.14	461.71	872.49
267104.0	-517.97	520.39	900.62
267111.0	-129.49	794.89	1467.57
267119.0	-279.84	1004.89	1776.02
267127.0	-293.9	305.06	1271.15
267135.0	-489.35	502.93	1651.38
267143.0	-558.22	-119.31	1408.89
267150.0	-529.12	83.42	2329.39
267159.0	-402.05	1021.87	6764.12
267166.0	4.85	661.52	4053.52
267174.0	96.03	-994.22	5786.87
267182.0	66.44	-260.92	3963.8
267190.0	-301.66	-998.59	2292.05
267198.0	379.26	-2323.57	4556.94
267205.0	132.4	-1248.36	5791.23
267213.0	-340.46	-1203.74	200.3
267221.0	-972.88	-613.02	-3040.39
267229.0	-1019.44	-476.74	690.62
267237.0	-184.3	-71.29	1680.48
267245.0	278.38	43.16	2275.08
267253.0	236.67	-127.55	352.1
267260.0	-436.0	-285.66	-350.65
267268.0	-328.34	-453.95	-1165.91
267276.0	18.91	-262.86	3158.72
267284.0	361.32	154.71	3078.7
267292.0	137.25	255.59	-28.13
267300.0	-216.3	132.4	-1753.71
267307.0	-392.35	-325.91	315.73
267316.0	-137.74	-425.33	1494.73
267324.0	160.05	-239.58	864.25
267331.0	-97.0	-67.9	-31.52
267338.0	-268.2	-132.4	-1857.02
267346.0	-210.48	-240.07	-115.91
267354.0	143.07	-335.61	2327.45
267362.0	334.16	-351.13	2755.21
267370.0	301.66	-329.79	-306.03
267378.0	128.52	-403.51	-125.61
267385.0	168.29	-425.82	1432.17
267394.0	469.47	-326.4	2429.3
267401.0	550.95	-193.99	1621.31
267409.0	295.36	-148.89	201.75
267417.0	97.48	-173.63	-792.47
267425.0	237.64	-199.33	277.9
267433.0	384.59	-91.66	2170.32
267441.0	423.88	112.52	927.3
267448.0	316.21	202.24	-569.38
267456.0	216.3	180.9	-207.09
267464.0	317.18	179.45	1606.28
267472.0	516.03	393.81	1703.76
267480.0	441.82	529.61	1283.28
267488.0	202.72	571.8	86.81
267495.0	133.37	614.96	-119.79
267504.0	189.15	690.62	1240.6
267511.0	184.78	865.22	2011.24
267519.0	73.72	983.07	808.96
267527.0	-131.92	1009.74	-297.3
267534.0	-257.53	1047.09	680.44
267543.0	-190.12	1137.78	1486.49
267550.0	-160.53	1295.4	1643.14
267558.0	-314.27	1366.69	871.52
267566.0	-180.42	1958.86	-1913.27
267575.0	139.19	2184.38	2031.13
267582.0	-55.77	1389.49	3087.43
267589.0	-204.18	1656.72	-72.26
267597.0	-497.11	1555.84	-2905.56
267605.0	-916.63	1243.51	-1110.62
267613.0	-899.65	1101.89	-677.04
267621.0	-2247.92	1895.82	13170.31
267628.0	2589.83	3854.68	13065.56
267636.0	4296.99	4902.74	-3825.09
267644.0	90.21	2513.69	-7346.1
267652.0	-1342.44	2332.3	-4111.24
267660.0	220.18	2444.82	3373.57
267668.0	-1696.97	969.0	-285.66
267677.0	-898.68	-245.4	7794.72
267683.0	-768.7	83.42	1052.91
267691.0	835.15	388.96	870.07
267699.0	1043.69	212.42	974.34
267707.0	1236.72	600.9	951.55
267715.0	1141.66	182.84	807.5
267723.0	1089.28	848.24	1346.32
267730.0	549.01	-312.82	1800.27
267738.0	488.87	-254.62	1540.32
267746.0	519.42	-467.53	1318.68
267754.0	596.53	-166.35	1983.11
267762.0	294.39	171.69	1067.46
267770.0	383.62	183.81	1097.53
267778.0	408.36	226.0	774.04
267786.0	376.35	-113.0	1000.04
267793.0	351.62	79.54	910.81
267802.0	322.03	8.73	443.28
267809.0	193.99	42.68	794.89
267817.0	192.54	18.91	1603.85
267825.0	153.74	-95.06	647.46
267833.0	128.52	99.91	827.87
267840.0	82.45	362.77	576.16
267848.0	-135.8	112.03	1417.13
267856.0	-123.19	-170.23	1191.61
267864.0	-35.4	237.16	823.51
267872.0	-203.21	-311.36	1222.17
267879.0	-169.75	390.9	972.88
267887.0	-297.3	334.64	1440.41
267895.0	-344.83	371.5	827.87
267903.0	-336.1	671.22	752.7
267911.0	-309.42	21.82	735.24
267919.0	-189.15	529.61	1002.95
267927.0	-266.74	193.99	581.98
267934.0	-367.14	274.99	1355.54
267942.0	-251.71	188.66	1263.88
267950.0	-279.84	-122.22	638.73
267958.0	-226.97	146.47	419.03
267966.0	-263.83	334.64	846.79
267973.0	-68.87	289.54	372.47
267981.0	-19.4	814.29	882.19
267989.0	-226.49	758.52	1070.37
267997.0	38.8	67.9	661.04
268005.0	-16.0	398.17	1101.41
268013.0	-114.94	69.35	1470.97
268020.0	-83.9	-334.16	1122.75
268028.0	-77.11	232.79	1388.52
268036.0	-177.99	341.92	1435.08
268044.0	-64.99	295.36	1125.17
268052.0	-62.56	936.51	455.4
268060.0	-242.98	334.16	822.54
268068.0	-196.9	333.67	1107.23
268075.0	-55.29	275.96	546.1
268083.0	-71.78	624.18	350.16
268091.0	130.95	384.11	1091.22
268099.0	95.06	73.72	146.47
268107.0	130.95	378.78	1701.34
268115.0	53.83	794.41	409.33
268123.0	280.81	159.08	1419.07
268130.0	64.5	809.44	409.33
268138.0	34.43	642.12	879.77
268146.0	116.4	336.1	58.68
268154.0	240.07	278.87	40.25
268162.0	196.9	310.88	254.62
268169.0	133.86	685.77	1923.94
268177.0	284.2	557.74	1952.56
268185.0	77.6	-32.01	390.9
268193.0	243.95	505.36	557.25
268201.0	316.7	153.74	-1206.16
268209.0	713.42	623.69	250.25
268217.0	959.3	332.22	380.23
268224.0	850.18	173.63	756.58
268232.0	1174.64	628.54	835.15
268240.0	1220.71	219.21	1389.0
268248.0	1397.25	70.32	781.31
268257.0	1421.98	364.23	1121.78
268263.0	906.93	-102.82	990.83
268271.0	735.73	439.4	91.18
268279.0	294.87	734.76	19.4
268287.0	279.35	358.41	1746.92
268295.0	-80.02	547.07	1302.19
268303.0	-315.24	203.21	1016.53
268311.0	-115.91	998.59	1652.35
268318.0	-70.32	721.18	2738.24
268326.0	-990.83	324.94	29.1
268334.0	-579.56	139.68	1869.63
268342.0	-840.97	2208.63	3583.57
268350.0	-784.22	581.5	4670.43
268358.0	-618.84	96.51	5017.68
268366.0	-981.61	1054.36	3812.49
268373.0	-498.57	-935.06	5037.56
268381.0	-416.12	-1305.59	6114.72
268389.0	9.7	-247.83	3348.84
268397.0	-739.61	-921.48	3494.82
268405.0	-1351.17	-1135.36	-2592.26
268412.0	-1487.46	-1593.67	-2000.09
268420.0	-748.34	-1091.71	1297.34
268429.0	-183.81	-98.94	3789.69
268436.0	55.29	863.28	-569.86
268444.0	-354.04	644.55	-1006.35
268452.0	-622.24	-293.9	599.93
268459.0	-145.98	-818.17	1364.27
268468.0	258.01	-942.82	2907.5
268475.0	224.55	-634.85	1687.76
268483.0	-208.06	-209.03	-438.43
268491.0	-190.12	7.76	-944.76
268498.0	-35.4	-122.7	3500.15
268506.0	359.38	-388.47	2209.12
268514.0	302.63	-675.1	290.51
268522.0	-65.96	-868.13	-665.4
268530.0	-185.27	-807.02	825.45
268538.0	280.81	-397.2	1161.06
268546.0	617.87	19.4	2311.93
268554.0	467.04	115.91	1281.82
268561.0	314.27	-106.7	-1085.4
268569.0	314.76	-408.84	300.21
268577.0	592.65	-398.17	2262.47
268585.0	832.72	168.78	1934.61
268593.0	798.29	562.59	-354.04
268600.0	468.01	503.9	157.14
268609.0	476.74	646.0	240.55
268616.0	687.23	676.07	1361.36
268625.0	761.92	1011.2	1425.86
268632.0	549.98	921.48	410.78
268640.0	397.69	816.23	-1032.54
268649.0	374.41	1000.53	522.33
268655.0	392.35	1055.33	2010.27
268663.0	425.33	1197.92	962.7
268671.0	225.03	1153.3	33.95
268679.0	-54.32	1065.52	108.15
268687.0	-74.2	1146.02	1004.89
268695.0	46.56	1288.61	1682.42
268702.0	-44.13	1338.08	2104.84
268710.0	-224.06	1330.32	824.96
268718.0	-322.03	1302.68	483.05
268726.0	-340.46	1276.0	1661.08
268734.0	-338.04	1272.61	2057.32
268742.0	53.35	766.28	-1720.73
268749.0	259.47	2846.39	-1521.41
268757.0	-1370.09	153.74	2207.18
268765.0	-448.61	1501.04	-6993.52
268773.0	-1327.9	1309.95	-1425.38
268781.0	-614.96	2701.86	5475.99
268789.0	1633.92	1380.76	7331.55
268796.0	1293.95	3297.91	3898.81
268804.0	-2552.0	1853.14	-3372.12
268812.0	-1790.09	2250.83	1724.13
268820.0	-578.59	2322.12	1678.06
268828.0	420.0	1182.88	1026.72
268836.0	1270.18	1146.99	1518.5
268844.0	1234.78	30.55	161.99
268851.0	1066.0	225.03	1857.02
268860.0	1223.14	-195.93	414.18
268867.0	1116.93	-213.39	1592.7
268875.0	692.56	-240.55	630.48
268883.0	712.93	124.16	1158.15
268890.0	508.75	31.04	1404.04
268898.0	393.32	-64.5	598.47
268906.0	248.8	-89.24	1012.65
268914.0	145.98	-123.67	246.86
268922.0	164.9	297.78	608.66
268931.0	79.05	242.98	1509.28
268937.0	107.18	-79.54	1617.92
268945.0	142.1	-94.09	1431.2
268953.0	129.98	392.35	1268.73
268961.0	227.94	92.63	738.15
268969.0	271.59	102.33	802.17
268977.0	242.98	138.71	812.84
268985.0	259.47	71.29	1376.88
268993.0	310.39	165.87	927.3
269000.0	321.55	134.83	1318.68
269008.0	258.5	-133.37	565.01
269016.0	302.15	16.97	1258.06
269024.0	249.28	266.26	1042.72
269032.0	289.05	-12.12	1196.46
269040.0	289.05	62.56	1428.29
269047.0	300.69	274.5	1404.04
269055.0	220.67	-155.2	2014.64
269063.0	302.63	513.12	398.66
269071.0	307.48	647.46	880.25
269080.0	362.29	161.5	907.41
269087.0	317.18	280.81	1405.01
269094.0	239.1	40.25	1254.18
269102.0	124.64	394.29	-118.34
269110.0	202.72	128.52	567.44
269118.0	316.21	93.6	996.16
269126.0	133.86	280.81	1399.67
269133.0	1.45	30.55	1318.2
269141.0	8.24	-191.08	509.24
269149.0	-11.15	468.5	849.21
269157.0	-44.62	782.28	699.35
269165.0	-152.29	212.91	979.67
269173.0	-375.87	189.15	604.78
269180.0	-341.43	387.5	676.56
269188.0	-407.87	52.38	715.36
269196.0	-434.06	326.88	891.41
269204.0	-437.46	323.97	701.29
269212.0	-499.54	505.84	-99.91
269220.0	-545.61	547.55	2151.4
269228.0	-371.99	-4.85	296.81
269235.0	-280.32	133.37	157.14
269243.0	-193.02	1034.48	603.81
269251.0	-77.11	804.11	1302.19
269260.0	-196.9	81.96	1683.88
269267.0	-65.47	825.93	1434.59
269275.0	-284.2	-521.85	367.14
269282.0	-7.76	-163.44	-161.5
269290.0	141.62	548.52	1993.3
269298.0	184.78	-53.35	105.24
269306.0	352.1	495.66	174.11
269314.0	111.06	418.54	2009.79
269322.0	613.51	418.54	1438.96
269329.0	656.19	578.1	2198.45
269337.0	547.07	152.29	790.53
269345.0	668.31	693.05	264.32
269353.0	631.94	806.05	-176.54
269361.0	877.83	706.14	1253.69
269369.0	1122.75	104.76	1731.89
269378.0	1075.7	762.89	1028.66
269384.0	1561.17	319.12	809.93
269392.0	1666.42	71.29	1785.24
269400.0	1855.08	710.02	542.22
269408.0	2069.93	259.47	1372.03
269416.0	1990.87	323.97	1693.09
269424.0	1671.75	429.21	1379.79
269431.0	999.56	14.06	987.92
269439.0	593.14	304.09	1178.03
269447.0	231.82	145.01	1274.55
269455.0	-289.05	849.7	1336.14
269463.0	-388.47	960.76	673.65
269471.0	53.83	1342.44	1650.41
269478.0	-281.29	567.92	1800.76
269486.0	-725.54	354.04	1131.96
269494.0	-980.64	166.35	2080.6
269502.0	-1787.66	382.65	2258.59
269510.0	-2135.88	900.14	6356.24
269518.0	-978.7	-2276.05	4226.66
269525.0	-1231.87	-1246.42	5008.46
269533.0	-1379.79	-2554.91	5588.51
269542.0	-491.29	-1169.79	3440.5
269549.0	-760.95	-833.69	2792.07
269557.0	-962.21	-27.16	982.58
269564.0	-1555.35	32.98	-3077.73
269573.0	-1183.37	-472.86	-757.07
269580.0	-786.65	-783.25	2223.67
269588.0	-367.62	-406.9	1936.07
269597.0	-364.23	-355.98	-1014.11
269604.0	-733.79	-469.95	293.42
269612.0	-633.39	-215.82	951.06
269619.0	-194.96	-95.06	1878.84
269627.0	80.99	-258.5	2952.12
269635.0	-193.02	-517.48	791.01
269643.0	-380.23	-760.95	-875.89
269651.0	-377.32	-862.79	575.19
269659.0	-120.28	-670.74	3277.06
269666.0	163.44	-370.05	1066.49
269674.0	-8.24	-217.76	201.27
269683.0	-245.4	-431.64	43.65
269690.0	-153.26	-667.83	773.55
269698.0	199.33	-679.95	1436.05
269706.0	240.55	-513.6	1940.43
269713.0	166.84	-232.79	51.89
269722.0	42.68	-22.79	-1054.85
269729.0	51.89	23.76	1163.0
269737.0	287.6	271.11	1814.82
269745.0	454.92	380.72	734.27
269754.0	372.96	351.62	-315.24
269761.0	181.39	449.1	305.54
269768.0	359.86	467.04	471.41
269777.0	584.41	887.53	1554.87
269784.0	590.23	980.16	1359.9
269792.0	437.94	1066.49	-73.23
269800.0	295.36	982.58	-163.93
269808.0	287.6	1020.41	1360.87
269815.0	347.74	1286.67	1593.67
269824.0	306.03	1295.89	393.32
269831.0	6.3	1544.68	255.59
269839.0	-200.78	1550.99	246.37
269847.0	-197.39	1616.46	760.95
269855.0	-203.69	1704.25	1347.29
269862.0	-418.54	1614.04	1087.34
269870.0	-613.51	1482.12	-137.25
269878.0	-702.75	1443.32	257.04
269886.0	-708.57	1406.46	1210.53
269894.0	-559.19	1000.53	1074.73
269902.0	-342.89	1319.17	-1583.0
269909.0	-1035.45	1061.15	1315.29
269917.0	-653.28	1335.17	-12580.57
269925.0	-1294.92	2927.38	12480.18
269933.0	489.35	3032.63	11964.64
269941.0	2326.48	2394.38	1017.5
269949.0	-638.73	999.56	-919.05
269956.0	-1219.74	2067.5	-8242.84
269964.0	-191.57	2530.66	3909.48
269973.0	-2160.13	1672.24	-2326.48
269980.0	1241.57	1126.63	777.43
269988.0	1554.87	663.95	695.47
269996.0	1426.35	-44.62	653.28
270003.0	1487.94	567.92	1822.1
270011.0	1253.69	-413.21	1790.09
270019.0	974.82	-385.08	565.5
270028.0	1136.33	-449.58	1012.65
270035.0	657.64	325.91	49.95
270043.0	673.16	323.97	2568.01
270051.0	454.43	808.47	1402.58
270058.0	405.93	500.02	1047.57
270066.0	407.87	449.58	1348.26
270074.0	478.2	-23.76	1758.08
270082.0	336.1	78.57	1196.46
270090.0	424.36	342.4	1424.41
270098.0	337.55	31.52	855.03
270106.0	319.61	184.3	936.51
270113.0	371.5	294.39	280.81
270121.0	382.17	246.86	1103.83
270129.0	363.74	-140.65	659.58
270137.0	257.53	-13.09	828.36
270145.0	76.63	533.49	1803.18
270153.0	57.23	270.62	1580.09
270161.0	93.12	202.24	881.71
270168.0	65.96	417.09	864.25
270176.0	65.47	314.76	1258.54
270185.0	-57.71	341.92	905.96
270192.0	-84.39	300.69	764.82
270199.0	-73.23	97.48	113.49
270207.0	-8.24	16.49	451.52
270215.0	-113.49	602.84	279.84
270223.0	-39.77	571.8	594.11
270231.0	-224.55	608.17	363.26
270239.0	-242.49	158.59	1041.75
270247.0	-291.96	12.12	1219.26
270254.0	-392.35	338.04	1346.81
270262.0	-330.28	734.27	705.66
270270.0	-430.18	334.64	1110.14
270278.0	-546.58	167.81	1095.1
270286.0	-577.13	-230.37	1158.15
270294.0	-676.56	113.97	815.75
270301.0	-526.7	734.76	1378.82
270309.0	-512.63	814.29	1188.22
270317.0	-590.23	275.96	366.17
270325.0	-410.3	369.56	960.76
270333.0	-558.71	210.0	951.06
270341.0	-471.41	102.82	924.87
270349.0	-79.54	94.57	686.74
270356.0	-215.82	192.54	1439.93
270364.0	-251.22	424.36	1787.18
270372.0	-251.71	669.28	535.43
270380.0	-127.55	-202.72	1762.44
270388.0	-104.27	-525.73	1204.22
270395.0	-161.02	488.87	422.91
270403.0	27.64	176.54	113.0
270411.0	200.3	1009.74	1572.33
270419.0	80.51	321.55	-1156.69
270427.0	284.2	-131.92	716.33
270435.0	561.13	861.34	1691.15
270442.0	-58.2	425.33	1214.89
270450.0	617.39	-1347.29	833.21
270458.0	424.85	441.82	2094.66
270466.0	368.11	-68.38	1168.33
270475.0	486.93	687.23	1217.8
270482.0	452.98	523.3	2775.58
270489.0	949.12	521.85	762.89
270497.0	1156.21	439.88	-617.39
270505.0	1034.96	726.51	1344.38
270513.0	1272.61	992.77	564.04
270521.0	1582.51	121.73	1383.18
270529.0	1709.58	-68.38	1778.45
270536.0	1538.86	1713.46	603.81
270544.0	1355.54	625.63	976.28
270552.0	832.24	80.51	1315.77
270560.0	357.44	151.32	823.99
270568.0	227.46	698.38	913.72
270576.0	-119.31	266.26	946.21
270584.0	-329.79	160.05	629.51
270591.0	-129.49	-464.62	1881.27
270599.0	-473.35	-173.63	2915.74
270607.0	-395.26	1455.45	2478.77
270615.0	-546.1	-626.6	852.12
270623.0	-319.12	-1177.06	2284.78
270631.0	-779.37	2426.88	5336.8
270638.0	-956.39	1117.41	5218.46
270646.0	-817.2	-4.36	6508.53
270654.0	-195.45	-1033.99	4630.17
270662.0	-180.9	-3947.8	3062.69
270670.0	-852.12	-1753.23	4716.5
270678.0	-352.1	-1469.03	3521.01
270685.0	-747.85	-692.56	775.98
270693.0	-1079.58	-533.49	-1201.8
270701.0	-1380.27	-276.44	-1289.58
270709.0	-700.32	-477.71	590.23
270717.0	88.75	-251.22	2590.8
270726.0	361.32	197.39	2482.65
270732.0	147.92	6.79	-242.49
270740.0	-161.5	-208.54	-350.16
270748.0	83.9	-261.41	2311.45
270756.0	462.68	-190.6	2825.54
270765.0	705.17	-168.29	1316.74
270772.0	302.63	-242.98	-210.48
270780.0	28.13	-315.73	-246.37
270787.0	137.25	-517.0	720.21
270795.0	485.47	-586.35	2093.21
270803.0	575.68	-368.11	956.88
270811.0	338.04	-309.91	-1114.99
270819.0	241.52	-454.92	-630.0
270827.0	345.31	-563.56	1253.69
270835.0	665.89	-319.12	1689.21
270842.0	691.59	-9.21	572.28
270850.0	465.59	-192.05	5.82
270858.0	439.4	-227.94	18.91
270867.0	608.66	53.83	1275.52
270874.0	758.04	233.28	1871.08
270881.0	627.57	483.05	780.83
270889.0	434.55	437.46	-591.2
270897.0	334.16	450.55	90.21
270906.0	367.14	540.28	1386.09
270913.0	463.65	687.23	1098.98
270921.0	342.89	739.12	395.26
270928.0	161.5	763.37	-26.67
270936.0	118.82	829.81	457.34
270944.0	196.42	915.66	1391.43
270953.0	115.43	990.83	1746.92
270960.0	-48.5	1062.12	640.67
270968.0	-274.02	1148.45	130.95
270975.0	-410.3	1206.65	1040.3
270983.0	-413.69	1292.98	1792.51
270991.0	-468.5	1416.65	1428.29
270999.0	-654.73	1465.63	728.45
271007.0	-785.68	3877.96	755.13
271015.0	-515.54	862.31	-1983.11
271022.0	-1282.31	1374.45	2092.24
271030.0	-665.89	1210.53	-5887.26
271038.0	-1189.19	1295.4	-2074.78
271046.0	-1528.68	959.3	1038.84
271054.0	-918.08	3011.29	6814.56
271062.0	933.12	-1184.82	-3264.45
271069.0	1519.47	1708.61	4957.54
271077.0	-2616.51	3487.06	-10111.5
271085.0	-1366.69	3517.13	15891.58
271093.0	-1929.28	4895.95	826.9
271101.0	603.81	1211.01	1346.32
271109.0	1454.48	434.06	1054.85
271117.0	1200.83	521.85	60.14
271124.0	1565.54	130.95	356.47
271133.0	1392.4	361.32	-42.68
271140.0	1047.57	-144.04	1687.27
271148.0	708.57	-569.86	883.16
271156.0	565.98	-805.08	2177.59
271164.0	530.58	-981.13	1214.41
271171.0	210.48	-837.09	950.58
271179.0	-33.46	-335.61	1216.35
271187.0	114.94	216.79	838.54
271195.0	84.39	-128.04	760.46
271203.0	6.3	205.63	221.15
271211.0	-192.05	231.82	1700.85
271218.0	83.9	-49.47	1121.29
271229.0	-78.57	-203.21	1629.07
271234.0	87.3	730.39	86.81
271242.0	199.81	-329.31	1634.89
271250.0	217.27	61.11	18.43
271258.0	219.21	60.62	880.74
271266.0	123.19	216.3	1149.9
271273.0	223.09	166.35	1974.87
271281.0	349.19	-43.16	45.1
271289.0	413.21	215.33	2482.16
271297.0	424.85	290.99	1395.31
271305.0	426.3	213.88	-348.22
271312.0	445.7	40.25	1656.72
271320.0	419.03	499.05	950.58
271328.0	394.29	-237.16	1255.15
271336.0	472.38	68.87	927.3
271344.0	289.05	-44.13	1697.46
271352.0	338.04	264.8	1009.74
271359.0	242.49	242.49	829.33
271368.0	322.03	417.09	951.55
271375.0	202.24	217.76	1259.03
271383.0	132.4	346.77	889.47
271391.0	-92.15	278.38	1247.87
271399.0	51.89	404.48	618.36
271407.0	-161.99	330.28	1111.11
271414.0	-266.26	213.88	1402.1
271422.0	-355.01	75.17	1136.33
271430.0	-465.59	-163.93	727.97
271438.0	-440.37	419.51	1213.44
271446.0	-583.92	426.3	745.91
271454.0	-535.91	289.05	602.84
271461.0	-642.61	237.16	1083.46
271469.0	-563.56	-449.1	798.77
271477.0	-313.3	467.53	1004.41
271485.0	-451.04	513.6	1461.75
271493.0	-484.99	50.44	973.85
271501.0	-422.91	523.79	633.88
271508.0	-337.55	-74.2	929.24
271516.0	-360.83	342.89	1540.32
271524.0	-272.08	277.41	1209.56
271532.0	-466.56	380.23	861.34
271540.0	-277.9	-155.68	789.56
271549.0	21.34	162.47	2074.78
271555.0	-177.99	-267.23	387.02
271563.0	18.91	248.31	2243.07
271571.0	110.09	1028.66	1984.57
271579.0	21.82	210.48	589.74
271587.0	332.7	749.31	1949.65
271595.0	367.14	291.96	1299.77
271602.0	351.13	334.64	1144.57
271610.0	401.08	625.63	765.31
271618.0	671.71	472.86	2115.51
271626.0	743.0	657.64	1869.63
271634.0	926.81	161.02	1521.41
271642.0	1278.91	359.86	1064.06
271649.0	1510.74	769.19	1094.13
271657.0	1469.51	860.85	587.32
271665.0	1575.24	511.18	951.06
271673.0	1715.4	254.13	1120.32
271681.0	833.21	953.97	691.59
271689.0	433.09	437.94	449.1
271697.0	154.71	602.84	535.43
271705.0	-109.12	334.16	1324.02
271712.0	-551.92	30.55	1505.4
271720.0	-474.8	472.38	496.63
271728.0	45.1	230.37	2395.35
271736.0	-613.02	1024.78	2487.98
271744.0	-439.88	1223.14	1887.09
271751.0	-669.28	-25.7	2311.45
271759.0	-337.55	1488.91	3518.1
271768.0	-709.05	1121.78	5426.04
271775.0	-478.2	110.09	2061.2
271783.0	-1106.74	397.69	5126.8
271791.0	-40.25	-1009.74	5906.18
271798.0	38.8	-2257.62	3672.32
271806.0	72.75	-362.77	6148.18
271814.0	-274.99	-945.24	2069.93
271822.0	-922.45	-619.33	-1113.05
271830.0	-1009.74	-638.73	-899.65
271838.0	-817.2	-246.37	1271.64
271845.0	-108.64	123.19	2300.78
271854.0	3.39	74.2	447.16
271861.0	-309.42	-172.17	695.47
271869.0	-439.4	-382.65	-932.63
271877.0	-238.13	-518.94	1867.2
271885.0	68.87	-318.64	2277.5
271893.0	29.58	-89.72	1726.55
271901.0	-159.08	11.15	-888.01
271908.0	-375.87	-81.96	196.42
271916.0	-242.98	-422.91	1505.89
271924.0	-16.97	-584.89	1445.26
271932.0	-12.12	-360.35	931.66
271939.0	-191.08	-388.96	-696.44
271948.0	-277.9	-402.54	-181.39
271955.0	-79.54	-375.87	733.3
271964.0	53.35	-301.66	2395.84
271971.0	166.35	-294.39	443.28
271979.0	39.77	-316.21	39.28
271986.0	48.01	-372.47	626.6
271994.0	186.72	-278.87	1987.48
