Time	Yaw	Pitch	Roll
28007.0	905.96	240.07	1014.59
28061.0	439.88	378.29	939.91
28116.0	-304.09	454.43	1250.3
28171.0	-305.54	172.66	1086.37
28226.0	173.63	395.75	791.01
28282.0	360.35	639.7	1257.57
28335.0	394.78	444.73	1151.84
28390.0	433.09	386.53	1321.11
28445.0	1398.22	457.34	1408.89
28500.0	-1163.48	332.22	1496.67
28555.0	-2017.06	-2135.4	1856.53
28610.0	-18.91	-477.23	2191.66
28665.0	129.01	-419.03	-37.34
28720.0	55.29	-21.34	325.43
28774.0	51.41	383.14	1112.08
28829.0	-81.48	692.56	1063.09
28884.0	-22.31	488.87	1417.13
28939.0	137.25	618.36	1187.25
28994.0	172.17	872.49	1239.63
29049.0	102.33	982.58	-284.69
29104.0	400.11	1048.54	8426.17
29158.0	1097.04	-380.23	1019.93
29213.0	658.61	-51.41	930.21
29268.0	6.3	11.64	1219.26
29323.0	-431.15	169.26	1131.96
29378.0	64.99	140.16	933.12
29433.0	-23.76	196.42	1046.6
29488.0	-409.33	315.24	1218.77
29543.0	-471.41	223.58	1221.2
29598.0	183.81	450.07	1358.45
29652.0	953.0	432.12	931.18
29707.0	121.73	572.77	1296.86
29762.0	-1330.81	42.19	2465.19
29818.0	-487.9	-768.7	2782.37
29872.0	149.38	-671.71	1377.85
29928.0	222.61	-642.61	17.94
29982.0	317.18	-136.77	849.21
30037.0	308.45	314.76	1186.76
30092.0	-126.1	802.65	1062.61
30146.0	14.06	1047.09	1582.51
30201.0	-440.37	1104.32	1092.68
30256.0	21.82	2858.51	625.63
30311.0	855.03	-171.2	1043.69
30366.0	503.42	44.62	957.36
30421.0	221.15	203.21	979.19
30476.0	-108.64	223.09	961.73
30530.0	347.74	151.32	847.27
30585.0	449.1	265.77	855.52
30640.0	-341.92	424.85	777.43
30696.0	-486.93	371.5	825.93
30750.0	-292.45	410.3	1149.42
30805.0	482.56	215.82	1078.13
30859.0	-285.17	726.03	1221.2
30914.0	-1091.71	-1178.03	2675.19
30969.0	464.62	-464.62	2217.85
31024.0	386.53	-286.63	692.56
31079.0	542.22	-193.51	756.1
31134.0	539.79	102.33	674.13
31189.0	416.6	548.52	907.41
31244.0	-196.42	744.94	1451.57
31298.0	-412.72	837.09	1230.41
31354.0	-515.06	1089.77	-583.44
31408.0	-1014.59	1273.09	80.99
31463.0	1187.73	-203.69	1418.59
31519.0	351.13	10.18	1399.19
31573.0	23.28	193.99	928.75
31628.0	-220.67	62.08	1044.18
31683.0	-273.53	306.03	1271.15
31737.0	-413.69	243.95	1027.69
31792.0	-9.7	346.77	1269.21
31847.0	169.26	356.95	689.65
31902.0	1178.03	554.34	1208.59
31957.0	-287.6	-35.89	1274.55
32012.0	-1915.21	-56.26	2860.94
32067.0	-515.06	-1785.72	552.4
32122.0	415.15	-366.65	1541.29
32177.0	584.41	-301.18	435.52
32231.0	587.32	410.3	1003.92
32286.0	301.18	1119.84	839.03
32341.0	-239.1	1207.13	1323.05
32399.0	-472.38	1181.91	1215.38
32451.0	-904.5	1278.43	831.27
32506.0	1040.78	319.61	1644.59
32562.0	923.9	-70.32	938.94
32615.0	577.13	6.3	1253.21
32671.0	-66.44	78.57	1240.6
32725.0	-328.34	199.81	791.98
32780.0	-245.4	129.01	1538.86
32835.0	-397.2	483.53	1315.29
32890.0	-170.72	495.66	1018.96
32945.0	600.9	536.88	1334.68
32999.0	661.52	921.96	959.79
33054.0	-501.48	308.45	1663.02
33109.0	-480.62	-576.65	3505.49
33164.0	-174.6	-451.04	710.02
33220.0	120.28	-566.95	551.43
33275.0	242.49	-205.15	317.18
33330.0	287.11	346.28	1350.69
33384.0	358.89	635.33	1075.7
33438.0	95.54	1181.91	1136.33
33493.0	175.08	1017.99	1130.51
33548.0	48.98	774.52	763.85
33603.0	-915.17	553.86	827.87
33658.0	-1023.81	-28.13	768.22
33713.0	691.11	-22.79	1324.5
33768.0	749.79	6.79	1132.45
33823.0	142.59	337.55	868.61
33878.0	3.88	-83.42	944.27
33932.0	227.46	200.3	1170.27
33987.0	50.44	144.04	834.18
34042.0	-384.59	400.11	997.62
34097.0	-618.36	617.87	808.47
34152.0	-450.55	472.38	1135.36
34207.0	42.19	44.62	967.06
34262.0	830.3	640.67	822.54
34316.0	562.59	160.05	904.5
34372.0	-840.48	-0.48	2242.1
34427.0	-599.44	-201.27	2588.86
34481.0	240.55	-403.51	954.45
34536.0	240.55	-701.29	-185.75
34591.0	436.0	-217.27	727.97
34646.0	442.31	650.85	995.68
34700.0	55.77	1107.71	848.24
34756.0	-307.97	1255.15	1205.19
34810.0	-1098.5	1180.46	-2445.79
34865.0	-1463.69	1080.55	2040.83
34920.0	969.97	-82.93	985.98
34975.0	450.07	149.86	926.81
35030.0	15.52	76.14	791.01
35086.0	-318.15	58.68	1409.37
35139.0	-185.75	191.08	1173.67
35195.0	122.22	53.83	1243.51
35249.0	-160.05	283.72	877.34
35304.0	-70.32	496.14	1875.93
35359.0	272.08	193.02	789.07
35414.0	1147.96	558.71	1155.24
35469.0	1162.03	514.09	1054.36
35524.0	-1065.03	-2.91	2702.35
35579.0	-1150.87	-861.82	2255.68
35633.0	-185.75	-851.15	1974.87
35688.0	108.64	-710.02	170.23
35743.0	537.37	-132.4	888.98
35799.0	638.24	881.22	897.71
35853.0	332.22	1346.32	707.6
35908.0	-165.87	1090.74	1471.94
35963.0	-390.9	905.96	1049.51
36018.0	263.83	1653.81	-181.87
36072.0	1065.03	-150.83	1734.8
36127.0	622.24	156.65	832.72
36182.0	262.38	46.07	1126.63
36237.0	-119.79	113.49	856.0
36292.0	-241.52	264.8	1146.99
36347.0	-110.58	337.07	1317.23
36402.0	-85.84	493.23	1056.79
36456.0	301.18	489.35	1150.39
36511.0	800.71	357.44	689.17
36566.0	788.1	258.98	755.13
36621.0	-346.77	343.37	1548.08
36676.0	-1113.05	-539.79	2543.27
36731.0	-201.75	-439.88	932.63
36786.0	391.87	-638.73	1455.45
36840.0	364.23	-146.47	220.18
36896.0	433.58	957.85	1136.33
36950.0	104.76	1341.47	743.97
37006.0	-284.2	1404.04	1155.24
37060.0	-430.18	1158.15	1343.9
37118.0	58.2	1469.51	1454.48
37170.0	629.51	315.24	1215.38
37225.0	575.19	157.14	737.18
37279.0	249.77	5.33	955.42
37334.0	74.69	557.74	1779.42
37389.0	274.02	596.53	768.7
37444.0	106.21	243.95	654.25
37499.0	-413.69	294.87	728.45
37554.0	-482.56	82.93	724.09
37609.0	7.27	587.32	714.87
37664.0	970.46	447.16	905.47
37718.0	105.73	510.21	722.63
37773.0	-550.46	776.46	2908.95
37829.0	-682.86	-1355.54	1940.92
37883.0	216.3	-457.83	1483.09
37938.0	166.84	-625.15	155.68
37994.0	520.88	-249.77	646.0
38048.0	655.22	580.53	870.55
38103.0	361.8	1178.03	1033.51
38158.0	-222.12	983.07	1560.2
38212.0	-358.41	710.99	937.97
38267.0	-622.72	636.3	965.61
38322.0	-625.15	1059.21	834.66
38377.0	839.03	-57.23	1477.76
38432.0	541.25	183.81	1395.31
38487.0	89.72	110.58	1522.38
38542.0	80.02	145.01	1128.57
38596.0	-22.31	29.58	1074.73
38651.0	-311.85	301.66	810.9
38707.0	-40.74	502.93	802.65
38761.0	294.87	200.3	710.51
38816.0	469.95	395.75	752.7
38871.0	2114.54	653.76	881.71
38926.0	-205.63	802.17	837.09
38981.0	-2735.33	-991.8	4604.47
39035.0	-1403.55	-1236.72	430.18
39090.0	187.69	-653.76	2225.61
39145.0	613.02	-50.92	1187.73
39200.0	545.61	815.75	692.08
39255.0	353.07	1483.58	1309.95
39310.0	187.21	920.02	1239.63
39365.0	-153.26	867.64	138.71
39420.0	-1021.38	1323.05	1471.94
39474.0	687.71	1033.99	1103.35
39529.0	768.22	65.96	645.03
39584.0	101.85	23.76	963.67
39639.0	104.76	222.12	764.82
39694.0	126.58	232.79	860.37
39749.0	270.14	304.09	652.79
39804.0	32.98	74.2	939.91
39859.0	33.95	600.9	1156.69
39913.0	171.69	643.58	590.71
39968.0	1060.18	713.42	675.59
40023.0	2116.48	663.95	1550.5
40078.0	-615.93	-189.63	639.21
40133.0	-2855.6	-1624.71	3293.55
40188.0	-1303.65	-589.26	1267.76
40242.0	90.21	-292.93	1761.96
40297.0	351.13	-14.55	835.63
40353.0	417.09	323.49	400.6
40407.0	394.78	909.84	500.99
40462.0	164.9	1248.84	1380.76
40518.0	-53.35	1030.6	163.44
40571.0	-1050.48	816.72	-2615.05
40626.0	-887.04	1424.89	1027.69
40681.0	935.54	-69.35	885.59
40736.0	261.41	114.46	931.18
40791.0	-57.71	262.86	1317.71
40846.0	-175.57	60.62	1172.7
40901.0	-110.09	204.18	1188.7
40956.0	35.89	360.35	1106.74
41010.0	193.02	402.54	877.34
41065.0	-34.92	436.49	1138.27
41120.0	362.77	622.72	891.89
41175.0	898.68	620.3	953.0
41230.0	55.29	504.39	1117.41
41286.0	-681.89	641.64	1601.91
41341.0	-861.34	-839.51	4674.31
41395.0	-290.99	-304.09	341.92
41450.0	434.06	-486.44	1389.49
41506.0	227.46	77.11	-302.63
41559.0	515.54	538.82	1502.01
41614.0	324.94	953.0	803.14
41669.0	185.75	591.2	1427.32
41724.0	35.89	1137.78	-408.84
41779.0	-1032.54	998.1	2917.2
41834.0	806.53	59.17	1442.35
41889.0	148.41	110.58	1234.29
41944.0	40.25	226.97	1066.0
41999.0	152.29	162.96	606.23
42054.0	51.41	73.72	914.2
42108.0	-19.4	256.07	1011.68
42163.0	-197.39	500.51	761.92
42218.0	-71.29	399.63	693.05
42273.0	60.62	541.25	806.05
42329.0	906.44	445.7	953.97
42383.0	1718.31	324.94	892.38
42438.0	-1059.21	236.19	1364.75
42492.0	-1590.27	-811.87	4151.98
42547.0	-462.19	-581.5	760.46
42602.0	341.92	-387.02	2253.25
42657.0	366.65	-304.09	140.65
42712.0	556.28	300.21	1079.58
42767.0	314.27	932.15	1033.99
42822.0	-36.37	1306.07	1184.82
42876.0	-402.54	821.57	439.4
42931.0	206.6	1395.79	-319.61
42987.0	982.1	1221.2	1102.86
43041.0	577.62	48.5	1315.29
43096.0	293.42	-29.1	1229.44
43151.0	43.16	109.12	474.32
43206.0	-122.22	365.68	1047.09
43261.0	-80.99	240.55	1292.01
43315.0	-237.16	214.85	1486.97
43370.0	-91.18	480.62	434.55
43425.0	107.18	551.43	768.7
43480.0	266.74	473.83	1394.34
43535.0	1293.95	359.38	1004.89
43590.0	-601.38	530.58	1925.4
43645.0	-716.81	40.25	4535.6
43699.0	-378.29	-426.3	745.91
43754.0	-102.82	-400.6	-101.36
43809.0	141.62	-514.57	775.01
43864.0	366.65	-414.18	648.43
43919.0	308.94	483.53	902.56
43975.0	124.16	894.32	957.85
44029.0	-126.58	1361.84	1013.62
44084.0	-233.76	1101.41	1196.95
44139.0	-354.04	1185.31	-401.08
44193.0	867.64	246.86	953.0
44248.0	526.21	32.01	1172.21
44303.0	-140.65	22.79	763.37
44358.0	-354.04	38.8	892.38
44413.0	-62.08	220.18	663.95
44468.0	64.02	455.4	869.58
44523.0	80.02	405.93	904.99
44577.0	235.7	358.89	902.08
44632.0	-133.37	45.59	1527.71
44687.0	146.47	621.75	304.57
44742.0	1274.06	585.38	797.32
44797.0	75.66	533.0	1061.15
44852.0	-542.7	60.14	3762.53
44906.0	-737.67	-1045.15	1375.42
44961.0	-263.35	-432.61	1453.02
45016.0	-28.13	-511.66	485.96
45071.0	279.35	-286.63	1173.67
45126.0	485.96	490.81	910.81
45181.0	323.0	1258.54	579.07
45236.0	-266.26	2076.72	1358.45
45291.0	-484.02	1507.83	-610.6
45346.0	-446.19	512.63	923.42
45401.0	683.35	-229.4	1146.02
45455.0	317.67	115.43	1014.59
45510.0	401.57	171.2	1023.81
45565.0	365.68	130.95	823.02
45620.0	84.87	376.35	1309.47
45676.0	-416.6	306.51	920.02
45730.0	-438.91	335.13	953.0
45784.0	-258.98	509.72	649.88
45840.0	-46.07	471.41	962.7
45894.0	78.08	422.42	1092.68
45949.0	991.31	385.08	1076.19
46004.0	-214.85	312.33	994.71
46059.0	-540.76	366.65	2892.95
46114.0	-584.89	-1606.28	3408.98
46169.0	-141.13	-284.2	1493.28
46223.0	280.81	-505.84	1072.31
46279.0	420.0	-186.24	751.73
46333.0	449.58	764.34	762.89
46388.0	64.99	1207.13	673.16
46443.0	-555.31	1531.1	1365.72
46498.0	-420.97	926.33	404.96
46553.0	1070.85	1179.0	728.45
46608.0	956.88	300.21	677.53
46662.0	224.55	109.12	1003.44
46717.0	-43.16	157.14	527.67
46772.0	-139.68	343.37	695.96
46827.0	213.88	339.98	939.91
46882.0	73.72	361.8	1092.68
46937.0	-75.17	412.72	190.12
46992.0	-1.45	295.84	568.89
47047.0	93.12	445.22	490.32
47101.0	815.75	495.66	1000.04
47156.0	814.29	483.05	1165.91
47211.0	-488.87	504.87	2351.22
47266.0	-784.22	-1227.99	3101.01
47321.0	-247.34	-663.46	1077.16
47376.0	218.24	-487.41	1513.65
47431.0	328.82	-514.57	103.3
47486.0	520.88	505.84	1013.62
47541.0	227.46	1288.61	709.54
47595.0	-174.6	1418.1	1176.58
47650.0	-460.25	1081.04	931.66
47705.0	347.25	2005.91	112.52
47760.0	854.55	372.96	1522.38
47815.0	151.8	5.82	658.13
47870.0	95.54	100.88	1400.64
47925.0	146.47	172.66	1167.36
47979.0	335.13	318.15	989.37
48034.0	376.84	282.75	979.19
48090.0	-268.2	300.21	994.22
48144.0	-466.56	512.63	1107.23
48199.0	-229.88	351.13	1093.65
48254.0	86.81	421.94	1215.38
48309.0	865.22	291.48	1147.96
48364.0	-360.83	482.08	1249.81
48419.0	-557.25	11.15	3541.86
48473.0	-693.05	-986.46	2122.3
48528.0	225.03	-460.25	2148.01
48583.0	174.6	-468.98	-54.8
48638.0	254.13	-367.62	634.85
48693.0	452.01	412.24	597.5
48748.0	62.56	1020.9	746.88
48802.0	-387.99	1388.52	1289.1
48857.0	-674.13	1502.49	380.23
48912.0	-801.2	1408.4	902.56
48967.0	1015.08	122.22	1002.95
49022.0	351.13	-28.61	735.73
49077.0	366.65	266.26	1168.33
49132.0	113.0	192.54	1235.26
49187.0	-185.75	282.75	1177.55
49241.0	-272.56	259.47	1182.88
49296.0	-331.25	25.7	1109.17
49351.0	-47.53	176.05	794.41
49406.0	-23.28	249.28	1026.23
49461.0	-93.6	521.36	719.24
49516.0	885.59	427.76	944.27
49571.0	-275.47	290.02	928.75
49626.0	-394.29	373.93	2641.73
49680.0	220.18	-895.29	2168.38
49735.0	238.13	-330.76	1407.92
49790.0	112.52	-381.2	483.05
49845.0	316.7	-587.8	710.99
49901.0	497.6	-104.27	759.98
49955.0	266.74	870.07	846.79
50011.0	-303.6	1401.13	1127.11
50064.0	-493.23	1258.54	986.46
50120.0	-343.37	1584.94	-1305.1
50174.0	900.14	251.22	1248.84
50229.0	273.53	222.12	1011.68
50284.0	121.25	296.33	943.79
50339.0	80.51	152.29	891.41
50394.0	169.26	167.32	1373.0
50449.0	114.94	252.19	810.9
50504.0	-132.89	391.87	863.28
50558.0	69.35	350.16	1013.62
50613.0	65.96	305.54	1109.65
50668.0	28.61	565.5	1496.67
50723.0	535.43	510.21	649.4
50778.0	279.35	360.83	813.32
50833.0	-496.63	643.58	1669.81
50888.0	-226.97	-910.81	4518.14
50942.0	-271.59	-525.24	-188.66
50997.0	169.75	-420.97	736.7
51053.0	-2.91	-518.45	208.06
51107.0	339.01	144.04	1105.77
51163.0	410.78	769.19	443.28
51217.0	177.51	1172.7	1140.21
51272.0	-110.09	1388.52	-1834.71
51327.0	-1095.59	1942.37	3554.47
51381.0	1153.78	93.6	1071.82
51436.0	477.71	-0.48	1070.85
51491.0	145.98	76.63	728.94
51546.0	-142.1	-1.45	1198.89
51601.0	-212.42	202.72	673.65
51656.0	-295.36	280.32	683.35
51711.0	-303.12	367.14	869.1
51766.0	71.78	421.45	759.49
51820.0	64.99	306.03	594.59
51875.0	115.91	535.43	1536.92
51930.0	1248.36	442.79	1025.26
51985.0	-307.48	575.19	1750.8
52040.0	-497.11	877.83	2306.11
52095.0	-175.57	-1107.71	3639.83
52150.0	106.7	-148.89	1376.39
52204.0	110.58	-184.78	662.49
52259.0	385.08	-40.25	961.24
52314.0	539.31	258.01	1052.91
52369.0	295.36	711.48	910.81
52424.0	17.94	966.09	1168.82
52479.0	-61.11	1125.17	1299.28
52534.0	-311.85	799.74	-1921.52
52589.0	-150.83	1036.42	2460.83
52644.0	575.19	113.97	1143.6
52699.0	361.8	27.64	1015.56
52753.0	202.24	131.92	856.0
52808.0	-12.12	93.12	937.97
52863.0	11.64	320.58	973.85
52918.0	23.28	379.75	885.59
52973.0	-268.68	217.27	1045.15
53028.0	-299.24	176.05	973.37
53083.0	-135.31	424.36	672.68
53137.0	-19.4	226.97	855.52
53192.0	695.47	474.8	1212.47
53247.0	446.67	466.56	919.54
53302.0	-470.92	-127.07	2628.15
53357.0	321.06	-484.99	4256.25
53412.0	-156.17	109.61	780.83
53467.0	419.51	-210.48	1230.9
53521.0	365.2	-578.1	-462.68
53577.0	387.99	42.68	985.98
53632.0	263.35	598.96	1393.37
53687.0	-153.74	1349.23	995.68
53741.0	-343.37	1279.88	1073.28
53796.0	-460.25	1154.27	-2957.45
53852.0	711.96	412.24	697.41
53906.0	777.43	147.44	965.61
53960.0	195.93	78.08	997.13
54015.0	35.89	20.85	1037.39
54070.0	149.38	152.29	1039.33
54125.0	86.81	119.31	864.73
54180.0	-103.79	326.4	1077.64
54235.0	-204.66	338.52	901.59
54290.0	73.23	160.53	834.66
54345.0	289.54	390.9	1033.02
54399.0	814.29	839.51	1135.36
54454.0	1466.6	575.19	992.28
54509.0	-167.81	-117.37	1900.67
54564.0	-888.98	-311.36	4064.68
54619.0	-841.94	-569.38	533.0
54674.0	-290.99	-594.59	1514.62
54728.0	189.15	-779.86	781.31
54783.0	566.95	-168.78	783.25
54838.0	496.14	500.51	826.42
54893.0	-102.33	1042.72	858.43
54948.0	-578.1	1453.02	785.68
55003.0	267.71	2675.67	2638.82
55058.0	1305.59	74.69	839.51
55113.0	806.05	93.12	1100.92
55168.0	155.68	15.03	1257.09
55223.0	40.25	36.86	916.14
55277.0	-22.79	117.37	745.43
55332.0	6.79	-39.77	919.05
55388.0	-227.46	240.07	1165.91
55442.0	-265.77	293.42	921.48
55497.0	-126.58	505.84	1011.2
55553.0	-17.94	232.31	1162.51
55606.0	333.19	648.43	654.73
55661.0	1257.57	476.26	920.51
55716.0	710.99	505.36	1218.77
55771.0	-846.79	284.2	1238.17
55826.0	-750.76	-1009.26	4409.5
55881.0	-805.08	-495.17	-180.9
55936.0	-46.56	-637.76	1665.45
55991.0	468.01	-578.1	640.67
56047.0	485.47	81.48	648.91
56100.0	328.82	938.94	1047.57
56155.0	-112.03	1697.46	1036.42
56210.0	-182.84	1601.43	379.75
56265.0	-2.42	1184.34	-2371.1
56321.0	800.23	161.99	1133.42
56375.0	403.99	279.84	1190.16
56430.0	17.94	98.45	1114.02
56484.0	-81.48	27.16	1124.2
56540.0	-53.35	36.86	1052.42
56594.0	278.87	242.49	927.3
56649.0	154.71	207.09	1217.32
56704.0	-30.07	296.33	958.82
56759.0	-122.7	317.67	714.39
56814.0	-206.6	440.85	889.95
56869.0	81.48	253.65	475.29
56924.0	730.39	506.81	1048.54
56978.0	942.33	492.26	1082.49
57033.0	-314.27	493.72	1819.19
57089.0	-448.61	-439.88	3452.14
57143.0	-389.93	-644.06	1141.18
57198.0	60.62	-358.89	1152.33
57253.0	341.92	-487.41	1035.45
57308.0	322.03	123.19	209.51
57362.0	359.38	698.38	1057.76
57417.0	16.49	1434.59	-70.81
57472.0	38.31	566.95	376.35
57527.0	-152.77	1426.35	651.34
57582.0	708.08	391.38	1466.12
57637.0	493.72	107.18	1349.23
57692.0	297.3	-0.48	1144.57
57746.0	-191.08	47.53	1234.78
57801.0	-249.77	232.31	1196.46
57856.0	-186.72	262.38	1131.96
57911.0	-247.83	143.56	1087.83
57966.0	108.15	208.54	908.87
58021.0	140.65	430.18	923.42
58076.0	440.37	449.1	979.67
58131.0	977.73	851.15	759.98
58186.0	1598.52	749.31	908.87
58240.0	-262.86	475.77	1389.49
58295.0	-1691.64	-1112.56	4507.47
58350.0	-1037.87	48.98	226.97
58405.0	-23.28	-599.93	1763.41
58460.0	301.18	-533.0	646.97
58515.0	100.39	72.75	635.33
58570.0	-51.89	869.1	1029.63
58625.0	-305.06	1371.54	986.95
58679.0	-408.84	1771.66	622.72
58734.0	-505.36	1190.16	-1484.06
58789.0	-53.83	660.55	1199.86
58844.0	690.14	79.05	833.21
58899.0	264.32	96.51	552.89
58954.0	-156.17	252.68	1152.81
59009.0	7.27	58.2	1019.93
59063.0	-4.85	229.88	861.34
59118.0	27.64	310.88	878.31
59173.0	-25.22	156.65	1371.54
59228.0	35.4	26.67	938.45
59283.0	-88.27	197.39	1368.15
59338.0	122.7	161.5	809.93
59392.0	67.9	110.09	1868.66
59447.0	19.88	115.91	1265.82
59503.0	232.31	-151.32	747.85
59557.0	637.27	-126.58	403.51
59613.0	618.84	405.45	994.71
59667.0	-1542.26	675.1	1580.57
59722.0	-1318.2	-791.5	578.1
59778.0	-319.61	-1133.42	638.24
59832.0	316.7	-36.37	904.5
59887.0	364.23	524.76	967.06
59941.0	145.98	729.42	597.02
59996.0	55.77	1015.56	2282.84
