Time	Yaw	Pitch	Roll
250006.0	-50.92	-340.46	928.75
250014.0	91.66	-486.44	1080.07
250021.0	-18.91	613.99	854.55
250029.0	-14.06	-288.57	1115.96
250037.0	-56.74	-67.9	1125.17
250045.0	27.16	-851.64	912.26
250053.0	12.61	-375.38	1267.27
250061.0	-177.02	-719.72	-398.66
250069.0	-83.9	-566.95	695.47
250076.0	-97.0	-388.47	966.58
250084.0	-118.82	-330.76	1607.25
250092.0	-193.99	-106.21	834.18
250100.0	-324.46	-485.47	1525.29
250108.0	-274.02	-458.31	335.61
250116.0	-401.57	-403.99	1397.25
250124.0	-482.56	104.76	502.45
250133.0	-366.17	-381.68	873.46
250140.0	-337.55	-236.67	1266.79
250148.0	-265.29	-204.18	596.53
250155.0	-344.83	-654.73	950.58
250163.0	-210.0	-278.87	999.56
250171.0	-261.89	-211.45	788.1
250179.0	-164.41	-168.78	990.83
250187.0	-160.53	-140.16	1059.7
250195.0	-214.85	-15.03	1101.41
250203.0	-31.52	-289.05	682.86
250211.0	15.52	-515.54	854.06
250219.0	0.0	-383.62	1525.77
250227.0	-8.24	-520.88	604.78
250234.0	24.25	-457.34	1399.19
250243.0	-43.65	-195.93	846.3
250250.0	322.52	-543.19	108.64
250258.0	295.36	-1216.83	884.62
250266.0	64.5	-341.92	731.85
250274.0	75.66	-132.89	1462.72
250282.0	101.85	-798.29	290.02
250290.0	310.88	-85.36	1495.7
250298.0	349.19	-619.33	620.3
250305.0	566.47	-587.32	1209.07
250313.0	434.06	-594.11	719.24
250321.0	414.18	-581.01	530.09
250329.0	438.43	-713.42	1088.8
250337.0	644.06	-2259.07	425.33
250345.0	449.58	-169.26	858.43
250354.0	559.68	-752.22	1019.44
250361.0	752.7	-921.96	1247.87
250369.0	988.89	-335.13	963.67
250376.0	928.75	-573.25	986.46
250384.0	1167.36	-214.36	1475.33
250392.0	1211.01	-619.33	1037.87
250400.0	1508.8	-346.77	1249.81
250408.0	1462.72	-830.78	733.79
250416.0	1426.35	-422.42	1372.51
250424.0	1170.76	-712.45	593.62
250432.0	910.81	137.25	1080.55
250439.0	615.93	-345.31	900.14
250447.0	491.29	-858.43	2110.66
250455.0	425.33	-19.88	2119.39
250463.0	-92.63	-145.5	1920.06
250471.0	-335.61	457.34	991.31
250479.0	-687.71	321.06	2542.3
250487.0	-1157.18	839.03	2039.86
250496.0	-1299.77	154.71	4446.85
250503.0	-1933.16	-703.23	3054.93
250511.0	-1470.0	477.23	3192.19
250519.0	-1543.71	1890.97	4459.46
250526.0	-865.7	3609.76	3684.45
250534.0	-148.41	2476.83	5213.13
250542.0	-236.19	227.94	5174.81
250550.0	-391.87	-182.36	607.69
250558.0	-608.17	551.43	-3156.78
250566.0	-371.02	1703.76	1538.38
250574.0	337.55	1363.3	4015.69
250582.0	831.75	485.96	1933.64
250590.0	569.38	-497.11	-130.95
250597.0	-2.91	-807.02	560.16
250605.0	179.45	-219.7	1533.04
250613.0	693.05	1265.33	2539.88
250621.0	826.42	1463.21	3504.03
250629.0	432.12	604.78	361.32
250637.0	198.84	-192.05	-1308.5
250645.0	265.29	-166.84	1073.76
250653.0	409.33	103.3	3038.45
250661.0	481.59	514.57	541.25
250669.0	300.21	974.34	-1521.41
250676.0	119.79	435.03	-150.35
250684.0	311.85	-151.32	878.8
250693.0	622.24	-458.8	1114.02
250700.0	588.29	-233.76	700.32
250708.0	367.62	241.52	-213.39
250717.0	427.27	451.52	-542.22
250724.0	648.43	207.57	1392.4
250731.0	697.9	-203.21	2597.11
250740.0	576.16	-469.47	530.58
250748.0	438.91	-475.29	-655.22
250755.0	366.65	-422.42	854.06
250763.0	414.66	-611.57	2113.57
250772.0	498.08	-1015.56	1393.85
250779.0	329.31	-1252.24	728.94
250787.0	94.09	-1257.57	818.17
250795.0	70.32	-1225.56	1127.6
250803.0	71.29	-1392.88	2105.33
250811.0	-145.98	-1560.69	2126.67
250818.0	-494.69	-1550.5	650.37
250826.0	-267.23	-1334.2	-2246.95
250834.0	4.85	-1649.44	-802.17
250843.0	-1558.26	-1108.68	2736.3
250850.0	-1199.37	-1329.84	-7019.71
250858.0	-1862.35	-2062.65	-2795.47
250866.0	-4687.4	7901.9	8767.6
250874.0	639.21	-4017.15	6074.95
250881.0	-994.71	-3052.51	9090.12
250889.0	-4465.76	-5378.51	-60.62
250897.0	-2558.79	-6061.37	6136.06
250905.0	-1617.43	-1195.01	3430.8
250914.0	1122.75	-3653.89	249.28
250921.0	1208.59	-2236.76	494.2
250929.0	1434.59	-3549.14	1432.65
250937.0	1055.33	-3092.28	1120.32
250945.0	1150.87	-2348.79	1362.33
250952.0	1140.21	-593.62	1266.3
250960.0	1018.96	-287.6	904.99
250968.0	647.94	-547.55	885.59
250976.0	292.93	194.96	1308.01
250984.0	291.96	335.13	1260.0
250992.0	184.78	-27.16	1210.04
251000.0	-58.2	-275.47	884.62
251008.0	12.12	-404.48	981.61
251015.0	-100.88	-594.59	1039.81
251024.0	61.11	-275.96	1136.33
251031.0	-132.89	-485.96	1546.14
251039.0	-139.68	-353.56	1257.57
251047.0	-65.96	158.11	745.43
251055.0	-281.78	1.45	1684.36
251063.0	-126.1	-319.12	1265.33
251071.0	-150.35	437.46	1302.19
251079.0	-238.61	-109.61	1189.67
251087.0	-33.95	-654.73	1497.16
251095.0	-310.88	-147.44	494.2
251102.0	-303.12	-562.59	488.87
251110.0	-184.3	-237.64	1607.73
251118.0	-417.09	-323.49	109.12
251126.0	-376.84	252.19	682.38
251134.0	-501.96	-119.79	851.15
251143.0	-718.27	542.22	1026.23
251150.0	-640.67	-140.65	900.62
251158.0	-740.09	-287.11	1012.17
251166.0	-837.57	-18.43	1046.6
251173.0	-759.98	-244.92	794.89
251181.0	-778.89	-463.65	745.91
251189.0	-624.66	-573.25	1410.83
251197.0	-838.06	-536.4	1121.78
251205.0	-657.64	-987.92	722.15
251213.0	-434.55	-641.64	872.49
251222.0	-347.25	-640.18	1787.66
251229.0	-516.03	-445.22	436.49
251237.0	-226.97	61.11	652.79
251245.0	-246.86	-32.49	636.3
251252.0	-29.58	-330.76	584.89
251260.0	130.95	-606.72	1319.65
251268.0	149.86	-402.54	497.11
251276.0	115.91	-163.44	692.56
251284.0	284.69	-828.36	1231.38
251292.0	207.09	-452.49	1082.49
251300.0	494.69	-595.08	1048.54
251307.0	651.34	-886.07	662.49
251315.0	764.34	-345.31	937.97
251323.0	630.97	-1136.33	661.04
251331.0	698.38	-745.43	1030.11
251339.0	536.4	-875.89	1285.7
251347.0	492.75	-507.78	445.7
251355.0	618.84	-427.76	1402.1
251363.0	656.19	89.24	788.59
251371.0	883.65	-497.6	718.75
251378.0	649.4	-115.43	1150.39
251386.0	669.28	-381.2	950.58
251395.0	803.14	-382.65	1510.74
251402.0	610.11	-744.94	138.71
251410.0	755.13	-645.52	1193.07
251418.0	977.73	-835.15	699.84
251426.0	898.68	-909.84	605.26
251435.0	826.9	149.86	1261.94
251442.0	969.97	-522.33	756.58
251450.0	1200.34	-670.74	1263.39
251458.0	1230.41	-667.34	1430.71
251465.0	1400.16	-280.81	811.38
251473.0	1579.6	-165.87	1078.61
251481.0	1148.45	-477.23	334.64
251489.0	832.72	188.18	1188.22
251497.0	577.62	-261.41	1696.0
251505.0	241.04	-367.62	189.15
251513.0	249.77	410.3	2064.11
251521.0	-76.63	-705.17	1183.85
251529.0	-533.97	-860.85	2937.57
251536.0	-872.98	-274.02	3043.78
251544.0	-1193.07	1080.55	4349.37
251552.0	-1228.47	-1323.05	4508.44
251560.0	-1844.41	176.54	4837.26
251568.0	-1811.43	-724.09	926.81
251577.0	-1418.1	2040.34	2918.17
251584.0	-1107.23	2141.22	4167.5
251592.0	-686.26	1733.83	5678.23
251600.0	-455.89	1449.63	1634.41
251607.0	-878.8	1516.56	-736.7
251615.0	-842.91	422.42	-1308.5
251623.0	-505.36	340.95	1234.78
251631.0	155.68	766.28	3786.78
251639.0	180.42	724.57	932.15
251647.0	-22.79	693.05	-708.57
251655.0	-170.23	704.69	-99.91
251663.0	225.52	691.59	2866.76
251671.0	574.71	557.25	2423.0
251678.0	514.57	701.29	603.81
251686.0	119.79	636.79	-201.75
251694.0	34.92	698.38	-31.04
251703.0	368.59	627.09	2012.21
251710.0	503.42	432.61	1944.31
251718.0	383.62	332.22	488.87
251726.0	151.32	343.86	-1171.73
251734.0	257.53	236.19	262.38
251742.0	439.88	192.54	2278.47
251750.0	653.76	153.26	1271.15
251758.0	495.17	51.41	-99.42
251765.0	329.79	-5.33	-556.77
251773.0	430.18	4.85	956.88
251781.0	664.92	-148.89	1527.71
251789.0	725.06	-324.46	1253.21
251798.0	494.69	-423.39	175.08
251805.0	435.52	-408.84	-242.01
251813.0	488.38	-531.55	1345.84
251820.0	619.33	-817.69	2043.74
251829.0	505.36	-1085.4	1442.84
251836.0	313.79	-1199.86	66.44
251845.0	167.81	-1207.13	687.23
251852.0	178.48	-1301.22	1696.97
251860.0	201.27	-1563.6	1678.06
251869.0	5.82	-1607.73	953.0
251876.0	-213.88	-1596.09	73.72
251884.0	-335.61	-1491.34	495.17
251892.0	-294.39	-1595.12	1181.43
251899.0	-340.95	-1601.91	1661.57
251908.0	-486.44	-1553.9	713.42
251915.0	-695.96	-1823.07	-1195.49
251923.0	-627.09	-1451.08	1939.95
251931.0	-992.28	-1502.49	947.67
251939.0	-832.24	-918.08	-364.23
251947.0	-955.42	-1358.45	-3358.54
251954.0	-904.99	-957.36	-5582.2
251962.0	-1161.06	-604.29	10450.02
251970.0	-144.53	-1890.97	15891.58
251978.0	2043.25	-2798.38	5455.62
251986.0	-4015.69	988.89	-8882.54
251994.0	-2131.52	-2173.23	7466.38
252002.0	-2409.9	-2099.99	86.33
252011.0	261.89	-1529.16	1382.7
252018.0	986.46	-2121.82	714.87
252026.0	986.95	-956.88	1204.71
252033.0	904.02	-935.54	985.49
252042.0	1099.47	-228.43	869.58
252049.0	1100.92	-245.4	1294.43
252057.0	957.85	118.82	360.35
252065.0	701.78	498.08	1439.44
252073.0	419.03	132.4	210.48
252081.0	279.35	11.64	1243.99
252089.0	-67.41	213.88	1176.58
252097.0	-73.23	187.21	1214.41
252105.0	-127.55	-129.01	994.22
252113.0	-90.69	51.89	670.74
252121.0	-224.06	-90.21	1592.7
252128.0	-360.35	-202.24	547.07
252136.0	-169.26	271.11	867.16
252144.0	-346.77	146.95	1754.2
252152.0	-367.14	-610.11	749.31
252160.0	-313.3	221.64	472.38
252168.0	-506.33	-119.31	1337.59
252176.0	-423.88	-176.05	-71.78
252184.0	-112.03	-281.29	1194.04
252191.0	-546.58	228.43	267.71
252199.0	-286.14	-130.46	-31.52
252207.0	-325.91	-496.63	492.75
252215.0	-328.34	-73.23	614.96
252223.0	-114.46	-555.8	551.92
252231.0	-181.87	-101.85	77.6
252239.0	-204.18	-482.56	1130.99
252247.0	-166.84	-163.44	1047.09
252255.0	-202.72	-967.55	1606.28
252263.0	-182.36	-725.06	940.88
252270.0	-32.98	-609.14	918.08
252278.0	-122.7	-320.09	785.68
252286.0	-62.08	-298.27	1330.32
252294.0	-64.02	-597.99	1283.28
252303.0	-178.48	-124.64	799.26
252310.0	-156.17	-21.34	512.63
252318.0	-109.12	-278.87	1049.03
252326.0	-178.48	88.27	1183.85
252334.0	-86.33	-696.44	1162.03
252341.0	-196.42	52.38	1286.19
252349.0	-69.84	-75.66	503.42
252357.0	-47.04	-141.13	672.68
252365.0	29.58	-483.53	899.17
252373.0	-258.98	-305.54	807.5
252381.0	-169.75	-236.19	860.37
252389.0	-50.92	-477.23	770.16
252397.0	-26.19	-638.73	988.89
252404.0	9.21	-709.54	1097.53
252412.0	6.3	-649.4	1107.23
252420.0	-48.01	-512.15	917.11
252429.0	84.39	-164.41	861.82
252436.0	101.85	-602.35	132.4
252444.0	79.05	-958.82	1341.96
252452.0	171.2	-128.52	425.33
252460.0	83.9	-538.34	1481.64
252468.0	-173.14	-316.21	1105.29
252475.0	58.2	-796.83	936.51
252484.0	97.0	-687.23	1433.62
252491.0	89.24	-629.51	457.83
252499.0	23.76	-574.71	1110.14
252507.0	110.09	-553.86	615.93
252515.0	411.27	-713.42	590.23
252523.0	307.97	-199.33	66.44
252531.0	238.61	14.55	711.96
252539.0	320.09	-710.99	731.36
252547.0	476.26	-583.92	1400.16
252554.0	552.89	-503.9	570.35
252562.0	822.05	-522.82	1096.07
252570.0	942.33	-294.87	1389.0
252578.0	1024.78	-593.62	653.76
252586.0	1208.59	-1085.4	593.62
252594.0	1306.56	-439.4	1116.93
252602.0	1051.45	-125.61	1493.76
252611.0	754.64	-697.41	1457.87
252618.0	582.47	-905.96	1543.71
252625.0	595.08	36.37	1139.72
252633.0	379.75	-372.47	1448.17
252641.0	260.92	-362.77	1172.7
252649.0	268.2	-302.63	1319.65
252657.0	-230.85	53.83	2644.64
252665.0	-295.36	265.77	1917.15
252673.0	-273.05	518.94	2039.37
252682.0	-798.77	387.02	1874.48
252688.0	-939.42	-160.05	4304.26
252696.0	-914.2	-711.48	2947.75
252704.0	-939.91	123.19	2384.68
252712.0	-288.08	1925.4	3950.71
252720.0	-140.65	2381.77	4627.26
252729.0	219.7	480.62	4671.88
252736.0	-11.15	1275.52	2606.81
252744.0	-353.07	610.6	-93.6
252752.0	-548.52	1022.84	-1272.61
252760.0	-237.16	668.31	975.79
252767.0	271.11	129.49	2900.22
252775.0	384.59	428.24	966.09
252783.0	275.47	563.07	-381.2
252792.0	147.92	498.08	307.97
252799.0	451.04	426.79	1884.18
252807.0	704.69	590.71	1974.87
252815.0	655.7	905.96	1198.89
252823.0	251.22	978.22	153.26
252831.0	127.55	851.64	-178.96
252838.0	259.47	766.28	1808.52
252846.0	381.68	747.37	2417.66
252854.0	307.48	781.31	775.01
252863.0	46.56	647.46	-833.21
252870.0	46.56	590.71	321.55
252878.0	151.32	467.04	1633.92
252886.0	349.19	337.55	901.59
252895.0	259.47	406.42	117.37
252902.0	176.05	490.81	-150.83
252909.0	272.08	443.28	713.9
252918.0	514.09	225.03	1645.08
252925.0	568.89	-1.94	1923.94
252933.0	407.39	-157.14	800.71
252941.0	333.19	-281.78	151.32
252950.0	330.76	-460.25	1412.28
252957.0	382.17	-710.51	1975.35
252965.0	323.49	-1010.23	1136.81
252973.0	157.62	-1181.43	93.6
252981.0	1.94	-1200.34	528.64
252988.0	1.45	-1253.21	1218.29
252996.0	41.22	-1407.92	1473.88
253004.0	-95.06	-1519.47	1213.92
253012.0	-287.6	-1519.47	456.37
253020.0	-404.96	-1516.56	406.42
253028.0	-438.91	-1600.46	1044.18
253036.0	-516.03	-1633.44	1311.41
253044.0	-623.69	-1616.46	233.76
253051.0	-776.46	-1549.53	-492.26
253059.0	-925.84	-1501.52	-20.85
253067.0	-1106.26	-336.1	1350.69
253075.0	-526.7	-3280.45	-2339.09
253083.0	-3125.74	-6054.58	889.47
253092.0	-907.41	2628.15	-9867.55
253099.0	-297.3	107.67	15891.58
253107.0	-177.02	3385.21	8381.55
253115.0	-2057.32	-299.24	-4161.68
253123.0	-307.48	-1238.17	1699.4
253130.0	43.65	-4193.2	4432.78
253138.0	-1883.21	-2564.13	2363.34
253146.0	-1899.21	-1840.04	1325.47
253154.0	-55.29	-2042.28	718.75
253163.0	1025.75	-1482.12	920.02
253170.0	646.97	-517.48	1305.1
253178.0	714.87	-974.34	1211.5
253186.0	866.67	-12.12	741.06
253194.0	762.4	-8.73	652.31
253202.0	589.74	83.9	859.88
253209.0	458.8	-80.99	911.29
253217.0	294.87	53.35	1276.49
253225.0	126.58	-18.43	933.12
253233.0	51.89	-293.42	1237.2
253242.0	85.84	-128.04	1023.81
253249.0	-22.79	-123.67	1717.82
253257.0	-52.38	-80.51	870.55
253265.0	89.24	-3.39	1315.29
253273.0	63.05	-33.95	1217.32
253280.0	-26.67	-178.48	650.37
253288.0	2.91	-311.85	1040.3
253296.0	-67.9	-289.54	853.58
253304.0	-158.59	-15.03	254.13
253312.0	-244.43	-177.51	807.99
253320.0	-250.25	-163.44	1414.22
253328.0	-396.23	-37.83	1490.37
253336.0	-387.99	41.22	712.93
253344.0	-223.58	113.0	914.2
253352.0	-358.41	-211.45	1008.29
253359.0	-303.12	-305.54	1079.58
253368.0	-398.66	-307.97	560.65
253375.0	-250.74	-356.95	854.06
253383.0	-203.69	-339.01	941.36
253391.0	-175.57	-746.88	477.71
253399.0	-266.26	-5.82	979.67
253407.0	-248.31	-172.66	955.42
253414.0	-233.28	-441.82	1144.57
253423.0	-363.26	-462.19	736.21
253430.0	-261.89	-430.18	1017.99
253438.0	-268.68	-262.86	1520.92
253446.0	-214.36	-60.14	1004.41
253454.0	-323.49	62.56	1146.51
253462.0	-300.21	-170.72	646.0
253470.0	-526.7	-306.03	1294.92
253478.0	-544.64	-487.41	584.89
253487.0	-353.07	-115.43	1716.37
253494.0	-285.66	-50.44	306.03
253501.0	-206.6	-577.13	586.35
253509.0	-228.43	-437.94	575.19
253517.0	-153.74	-101.85	762.89
253525.0	-26.67	-339.01	544.64
253533.0	-21.34	-588.29	937.0
253541.0	-24.25	-594.59	1697.46
253549.0	-128.52	-288.08	969.97
253557.0	1.45	-375.87	748.82
253565.0	118.34	-286.63	965.61
253572.0	6.3	-344.34	435.03
253581.0	120.76	-59.65	1044.66
253588.0	151.32	-220.18	1580.57
253596.0	63.05	-487.9	842.91
253604.0	259.95	-96.51	1087.83
253612.0	211.45	-546.1	1221.68
253620.0	89.24	-399.14	760.46
253627.0	393.81	-820.11	901.11
253636.0	214.36	-599.44	742.03
253643.0	-52.86	-327.85	1143.6
253651.0	33.46	-308.45	380.23
253659.0	370.53	-524.76	910.81
253667.0	428.24	-734.76	1018.96
253675.0	262.86	-238.61	808.96
253683.0	81.48	-1209.56	2067.5
253691.0	115.43	-511.18	885.1
253699.0	74.69	-926.81	908.38
253706.0	289.05	-911.29	583.44
253714.0	391.87	-980.64	1088.8
253722.0	446.67	-452.98	1102.38
253730.0	257.53	-441.34	1178.52
253738.0	944.27	-597.02	992.77
253747.0	440.37	-283.72	461.71
253754.0	463.16	-685.29	-3.39
253762.0	744.94	-752.7	840.48
253770.0	879.28	-37.34	584.41
253778.0	1004.41	-781.31	786.16
253786.0	1078.61	-749.31	1092.68
253793.0	1293.95	-787.62	1432.65
253801.0	1116.93	-994.22	887.53
253809.0	735.73	-301.66	1024.78
253817.0	417.09	-756.58	877.83
253825.0	392.35	203.21	1820.64
253833.0	272.08	407.39	622.72
253841.0	40.25	169.75	1342.93
253848.0	-25.7	-593.62	2569.46
253856.0	-407.39	-560.16	936.03
253864.0	-289.54	-129.49	283.72
253872.0	-426.3	-158.11	1437.5
253880.0	-315.24	757.07	2800.8
253888.0	-1149.42	367.14	3302.28
253896.0	-1313.35	-290.99	3423.53
253905.0	-1426.83	1299.28	3079.67
253912.0	-699.35	3086.94	1307.04
253919.0	-551.92	2141.22	4469.16
253927.0	21.82	1125.17	5641.86
253935.0	4.85	1179.97	3521.01
253943.0	-148.41	1179.49	-562.59
253951.0	-689.65	648.91	-66.93
253959.0	-614.48	859.88	269.17
253967.0	125.61	696.44	1488.91
253975.0	295.36	653.28	2727.57
253983.0	256.07	881.71	541.73
253991.0	42.19	797.32	-415.63
253999.0	372.96	743.49	1216.35
254006.0	615.93	753.67	4029.76
254014.0	778.89	915.66	1489.4
254022.0	493.23	970.94	-227.46
254031.0	200.78	1050.48	464.62
254038.0	374.9	1001.98	1461.27
254046.0	679.95	797.8	1643.62
254054.0	704.2	628.54	726.51
254062.0	343.37	493.72	65.47
254070.0	340.46	594.59	-1187.25
254077.0	523.79	638.24	775.98
254085.0	712.45	420.0	1843.44
254093.0	679.47	223.58	613.02
254102.0	593.62	80.02	-694.02
254109.0	565.01	54.8	348.71
254117.0	644.06	-51.89	2012.21
254125.0	808.47	-236.19	1245.93
254133.0	637.27	-530.58	869.1
254142.0	431.15	-618.36	392.84
254149.0	341.43	-780.34	802.17
254157.0	396.72	-1006.35	1602.4
254164.0	341.43	-1318.68	2014.15
254172.0	137.25	-1440.9	1152.33
254181.0	39.28	-1415.19	226.0
254188.0	-56.74	-1506.86	1521.89
254196.0	-117.85	-1613.55	2259.56
254204.0	-178.96	-1655.26	1605.79
254211.0	-323.97	-1607.25	622.24
254220.0	-497.6	-1572.33	811.38
254228.0	-544.16	-1573.78	1223.62
254235.0	-513.12	-1597.06	1090.25
254243.0	-602.35	-1563.6	848.24
254251.0	-821.57	1763.41	212.91
254259.0	-63.53	-972.88	852.12
254267.0	-1204.71	-2161.59	3833.34
254275.0	-740.58	565.01	-3777.57
254282.0	-384.59	-7026.01	3921.12
254290.0	-647.94	-3206.25	9725.93
254298.0	1864.29	-767.73	184.3
254306.0	-754.16	-289.54	-1411.31
254314.0	-3007.89	-1270.18	-1520.92
254322.0	-191.57	-4622.9	7335.43
254330.0	-2646.58	-3285.3	1838.59
254338.0	101.85	-2516.11	1939.46
254346.0	955.91	-2356.07	841.45
254354.0	1283.28	-1052.91	67.41
254362.0	823.02	-1237.69	508.27
254369.0	547.55	-614.96	1095.59
254377.0	748.34	-1022.35	1356.02
254385.0	835.15	-221.15	977.25
254393.0	710.51	-112.52	1044.66
254401.0	544.16	-19.4	795.86
254409.0	175.57	351.62	1109.65
254417.0	284.2	-146.95	1029.63
254425.0	175.57	165.38	881.71
254433.0	126.58	-1.94	1130.99
254440.0	241.04	193.99	-94.09
254449.0	-155.68	-382.17	2060.23
254456.0	45.59	-388.47	794.41
254464.0	-34.43	-218.24	1311.41
254472.0	-202.72	-179.93	1435.56
254480.0	-169.75	48.01	614.48
254488.0	-147.92	-294.87	996.16
254496.0	-233.76	-422.42	240.55
254504.0	-290.02	11.64	809.44
254512.0	-355.98	-11.15	1260.0
254519.0	-440.37	535.43	1804.15
254527.0	-378.29	264.32	290.02
254536.0	-537.85	-650.85	1563.6
254543.0	-447.64	242.98	1505.4
254551.0	-524.27	-98.94	1049.51
254559.0	-584.41	740.58	287.11
254567.0	-605.26	-238.13	806.53
254574.0	-559.68	-739.61	1377.85
254582.0	-647.94	129.49	1195.01
254590.0	-600.9	-84.39	972.4
254598.0	-674.62	-470.92	770.16
254606.0	-567.44	-983.55	564.04
254614.0	-663.95	-239.1	1294.43
254622.0	-594.59	22.79	700.81
254631.0	-652.31	-547.55	1104.32
254638.0	-694.99	-2.42	1167.36
254646.0	-668.31	-206.12	1284.25
254653.0	-589.26	-693.05	1066.0
254661.0	-721.18	-400.6	970.46
254669.0	-541.25	-308.45	325.91
254677.0	-404.48	95.54	1065.03
254685.0	-387.99	-32.49	472.86
254693.0	-290.51	-400.6	918.57
254701.0	-472.86	-715.36	791.98
254709.0	-224.06	-7.27	858.43
254716.0	-274.99	-946.21	1191.13
254725.0	-174.6	-489.84	547.55
254733.0	12.12	-305.54	939.42
254740.0	237.64	-511.66	788.1
254748.0	308.94	-330.28	689.65
254756.0	147.44	-503.42	1389.0
254764.0	278.87	-760.46	469.95
254772.0	335.13	-154.23	1450.11
254780.0	432.12	-821.08	1155.24
254788.0	474.8	-265.29	161.5
254796.0	444.73	-438.91	890.44
254804.0	498.08	-663.46	775.01
254811.0	500.02	-526.21	1167.36
254819.0	418.06	-225.03	616.9
254827.0	475.77	-472.38	1057.76
254835.0	727.97	-229.4	791.5
254843.0	678.5	-746.88	541.25
254851.0	560.65	-689.65	431.64
254859.0	537.37	-648.43	1204.71
254867.0	662.98	-788.1	706.63
254874.0	768.7	-781.8	579.07
254882.0	727.48	-941.36	309.42
254890.0	1320.62	-862.79	799.74
254898.0	1139.72	-791.01	866.19
254906.0	1216.35	-1158.63	899.65
254914.0	1467.09	-726.03	835.63
254922.0	1732.37	-618.36	662.01
254930.0	1591.24	-592.65	1014.11
254938.0	1385.12	-648.43	1217.8
254945.0	971.43	-328.82	1019.93
254953.0	759.98	-536.4	767.25
254961.0	508.75	-636.3	1068.91
254969.0	278.87	-114.94	1821.13
254977.0	101.85	-8.24	1550.02
254985.0	-56.74	274.99	2754.24
254993.0	-700.81	147.92	3126.71
255002.0	-450.55	1081.04	2695.56
255009.0	-834.18	722.63	3077.24
255016.0	-1339.53	-387.02	5225.74
255024.0	-929.24	-277.41	6702.04
255032.0	-1136.33	551.92	2912.35
255041.0	-840.97	3002.56	2254.22
255048.0	-498.57	1241.57	6104.53
255056.0	-387.02	1127.11	5261.63
255064.0	-532.03	1552.44	-109.12
255072.0	-1043.21	1348.26	-3824.61
255079.0	-1143.6	1105.77	302.15
255087.0	-433.58	396.72	2121.33
255096.0	181.87	255.1	1801.24
255103.0	23.76	697.41	736.21
255112.0	-420.48	573.25	-465.59
255119.0	-325.43	519.42	360.83
255127.0	305.06	430.67	2668.4
255135.0	534.46	537.37	4094.26
255143.0	328.34	526.7	172.66
255151.0	28.61	579.56	-1276.49
255159.0	69.84	492.75	1378.82
255166.0	381.68	447.16	3240.69
255174.0	543.19	494.69	1518.98
255183.0	265.77	401.08	-713.42
255190.0	-51.89	400.11	-361.8
255198.0	198.84	434.06	316.7
255206.0	535.91	162.47	1848.77
255214.0	544.64	18.43	1356.99
255222.0	300.69	78.08	-725.06
255230.0	239.58	128.52	-1280.85
255238.0	411.75	78.57	1064.06
255245.0	598.96	70.81	2334.73
255253.0	634.85	-94.57	276.44
255262.0	416.6	-223.58	-768.22
255269.0	318.15	-221.64	217.76
255277.0	464.13	-260.92	1644.59
255285.0	632.42	-500.99	1596.58
255293.0	460.74	-706.14	815.75
255301.0	190.6	-795.38	-59.17
255309.0	228.43	-799.74	75.17
255316.0	310.88	-983.07	1758.56
255324.0	286.14	-1216.83	2010.27
255332.0	112.52	-1251.75	615.93
255340.0	-37.83	-1225.08	-23.28
255349.0	-115.43	-1280.85	1355.54
255356.0	-85.84	-1435.08	2345.4
255364.0	-75.17	-1583.48	1534.01
255372.0	-307.97	-1584.94	654.25
255379.0	-511.66	-1585.91	346.28
255387.0	-539.31	-1625.68	807.99
255395.0	-471.41	-1656.23	1148.93
255404.0	-524.27	-1620.83	761.92
255411.0	-90.21	-1647.5	-4394.95
255419.0	93.12	1043.21	-759.98
255427.0	-1609.67	-11.64	10289.49
255435.0	-424.36	-5335.83	9258.89
255443.0	1030.11	-2160.13	-5510.91
255450.0	-920.51	-1752.74	-1239.63
255458.0	-1936.55	-998.1	-2636.39
255466.0	-1104.32	-2748.91	5592.39
255475.0	-1557.29	-1749.83	1122.75
255482.0	-982.58	-1507.34	2095.15
255490.0	166.35	-1106.74	173.63
255498.0	586.35	127.55	1293.95
255506.0	960.27	-966.58	1414.22
255513.0	977.25	-1123.72	2136.85
255521.0	733.3	-725.06	1403.55
255530.0	591.2	-15.52	980.16
255537.0	517.0	-1081.04	868.61
255545.0	264.8	-539.79	660.55
255553.0	319.61	-160.53	205.63
255562.0	251.22	-673.65	955.42
255569.0	213.39	-427.27	848.73
255577.0	35.89	-449.58	600.41
255585.0	71.29	27.64	1245.93
255593.0	17.94	25.22	1248.84
255601.0	-67.9	-279.35	828.84
255608.0	-47.04	-148.89	495.66
255616.0	-120.28	-201.27	826.42
255624.0	-48.5	-284.69	1210.04
255632.0	-201.75	-178.48	1260.97
255640.0	-100.88	-252.68	1508.8
255648.0	-155.2	67.41	1374.45
255656.0	-123.19	-333.67	626.12
255664.0	-173.63	-393.32	1096.07
255671.0	-77.11	-277.9	1142.63
255679.0	-119.31	-174.11	623.69
255687.0	-60.14	-398.66	1332.26
255695.0	-86.33	-87.3	465.59
255703.0	-112.03	-148.41	1021.38
255711.0	-141.62	176.05	1346.81
255719.0	-345.31	-155.68	258.01
255727.0	-161.02	-32.98	1060.67
255734.0	-172.66	-748.34	693.05
255743.0	-149.86	-365.2	1235.75
255750.0	-314.76	191.57	865.7
255758.0	-180.9	-187.21	906.44
255766.0	-208.54	-339.98	888.5
255774.0	-181.39	-358.41	1156.21
255782.0	-175.08	-119.79	646.0
255790.0	-262.38	-259.47	989.37
255798.0	-365.68	-81.96	736.7
255806.0	-313.3	-171.69	1330.81
255814.0	-262.38	-419.51	605.26
255822.0	-307.48	-213.39	864.73
255829.0	-210.0	-500.51	893.83
255837.0	-325.91	-427.27	1004.89
255845.0	-258.5	-396.23	589.74
255853.0	-271.59	-91.66	852.61
255861.0	-273.53	-615.93	333.19
255869.0	-181.39	-324.46	1411.8
255877.0	-442.79	-220.18	920.51
255884.0	-91.66	-346.28	445.22
255892.0	-195.45	-39.77	460.25
255900.0	-217.27	-816.23	824.48
255908.0	-84.39	-312.82	1260.97
255916.0	-138.22	80.02	702.26
255925.0	-114.94	-296.33	426.79
255932.0	116.4	-114.46	172.17
255940.0	640.67	-92.63	368.59
255948.0	126.58	-10.67	645.52
255955.0	203.21	-623.21	347.74
255964.0	103.3	-390.9	545.13
255971.0	384.11	-1286.67	932.63
255979.0	879.77	-1067.46	3659.23
255987.0	309.91	-825.93	783.74
255995.0	-84.39	-598.47	-347.74
256003.0	707.11	22.79	1230.9
256011.0	930.69	-265.29	1303.65
256019.0	958.82	-596.05	1242.54
256026.0	1173.18	-471.41	888.5
256035.0	1525.29	-712.45	1017.5
256042.0	1956.44	-331.73	1434.11
256050.0	1769.72	309.91	1049.03
256058.0	1611.13	-335.61	1112.08
256071.0	1357.48	-18.43	1333.23
256076.0	877.34	-94.09	712.93
256082.0	557.25	-195.45	1676.12
256090.0	348.71	-437.46	1558.75
256098.0	-6.3	-124.64	2019.0
256106.0	-265.77	473.35	192.54
256113.0	-61.59	-52.86	1308.98
256122.0	-871.52	-628.06	2039.86
256129.0	-927.78	688.68	3569.02
256137.0	-565.5	1300.74	2767.34
256145.0	-1130.51	196.9	7083.24
256153.0	-1255.15	-965.12	8006.17
256162.0	-656.19	161.99	851.15
256168.0	-671.71	4058.37	2304.66
256176.0	-522.33	2042.77	6224.33
256184.0	-380.72	-417.09	6677.79
256192.0	-317.18	1069.88	-1169.79
256200.0	-904.99	1602.4	-1515.59
256208.0	-1172.7	2348.31	-290.02
256216.0	-211.94	1091.22	1475.82
256224.0	281.78	205.15	3503.55
256232.0	298.75	-359.86	919.05
256240.0	-330.76	-193.99	-604.78
256247.0	-160.05	571.32	-397.69
256255.0	274.5	1108.68	4956.08
256263.0	635.33	970.94	3300.82
256272.0	405.93	393.32	-11.64
256279.0	-134.34	26.19	-376.84
256287.0	-102.33	-104.27	958.33
256295.0	166.35	326.4	2437.55
256303.0	429.21	715.36	1046.6
256311.0	13.58	775.49	658.61
256318.0	-106.21	386.53	-1849.26
256326.0	100.39	-351.62	-80.02
256334.0	367.62	-443.76	2226.09
256342.0	509.72	206.12	1394.82
256350.0	364.71	479.65	-982.1
256359.0	306.51	426.3	-1106.74
256366.0	359.38	102.33	2109.69
256374.0	730.39	-214.36	1802.7
256382.0	738.64	-466.56	1098.5
256390.0	511.18	-316.21	-150.83
256398.0	409.33	-92.15	6.3
256405.0	592.65	-208.54	1048.06
256413.0	701.29	-640.67	1821.13
256421.0	499.54	-926.33	1182.88
256429.0	388.96	-900.62	-975.79
256437.0	344.34	-809.44	386.53
256446.0	410.3	-875.4	2097.08
256453.0	422.42	-1066.97	2112.12
256461.0	331.73	-1188.22	559.19
256468.0	136.28	-1248.36	362.29
256476.0	19.4	-1236.72	1479.7
256484.0	80.02	-1364.27	1785.24
256492.0	-35.4	-1448.66	1918.61
256500.0	-307.97	-1491.82	667.83
256508.0	-517.0	-1454.96	-25.22
256517.0	-330.76	-1138.75	-2573.83
256524.0	-137.74	-1947.22	2996.74
256532.0	-775.01	-1761.47	149.86
256539.0	-647.94	-1543.71	-4588.95
256547.0	-1584.94	-1064.55	-3217.89
256555.0	-3262.02	-8684.18	-8203.56
256563.0	-742.52	-659.58	1523.35
256571.0	1027.69	-2325.03	15891.58
256580.0	1615.98	-4380.89	-2800.32
256587.0	-6913.01	-1287.64	-2592.26
256595.0	-378.29	-7546.89	13065.07
256602.0	-3049.11	-2616.99	1170.27
256610.0	684.8	-2631.54	1366.21
256619.0	774.04	-1119.84	1070.37
256626.0	332.7	-133.86	-288.57
256634.0	874.43	-1750.8	1037.39
256642.0	947.67	241.04	2119.39
256650.0	401.08	-673.16	1261.45
256658.0	593.14	190.12	1795.42
256666.0	245.89	17.46	1151.36
256674.0	466.07	205.63	1261.45
256681.0	163.44	331.73	1245.93
256690.0	-100.39	-46.07	1191.13
256697.0	-269.17	145.98	937.48
256705.0	-92.15	-422.42	1866.72
256713.0	-242.98	143.07	1022.84
256721.0	-3.39	-542.22	833.69
256729.0	-25.7	-15.03	761.92
256737.0	-53.83	-149.86	1163.48
256745.0	-106.21	-110.09	1518.98
256753.0	-255.59	-320.58	1136.81
256761.0	-151.8	-47.53	874.43
256768.0	-437.46	99.42	1261.94
256776.0	-426.3	-210.0	1101.41
256784.0	-535.43	-197.39	953.0
256793.0	-392.35	85.84	711.48
256800.0	-355.01	15.03	1031.08
256808.0	-696.44	-172.66	733.79
256816.0	-500.51	149.38	937.48
256823.0	-526.7	-318.64	572.28
256831.0	-475.77	-496.14	21.82
256839.0	-449.58	-437.46	260.92
256847.0	-456.86	265.77	464.13
256855.0	-565.98	-351.13	1356.99
256863.0	-334.64	-501.96	1222.17
256871.0	-212.42	-124.64	1053.39
256879.0	-186.24	230.37	763.37
256887.0	-216.79	-309.91	1177.06
256894.0	-217.76	-479.17	1580.57
256902.0	-71.29	-56.74	1308.5
256910.0	-227.94	-248.31	806.53
256918.0	54.32	-65.96	203.21
256926.0	-98.94	-93.6	1155.24
256934.0	-240.55	56.74	982.1
256942.0	-224.06	-253.65	1991.84
256950.0	-234.25	-437.46	962.7
256958.0	-333.19	-515.06	1178.03
256966.0	-231.82	-355.01	497.11
256973.0	-115.43	-262.38	1153.3
256981.0	31.52	-556.28	678.01
256990.0	20.85	-422.42	904.99
256997.0	-114.46	-56.74	649.88
257005.0	-22.79	-163.44	1099.47
257013.0	35.4	-756.58	610.6
257021.0	142.59	-132.4	677.53
257029.0	-77.11	-225.52	716.81
257037.0	53.83	-923.9	1462.72
257044.0	118.82	-160.53	921.96
257052.0	262.86	-377.32	168.78
257060.0	239.1	-311.36	-105.24
257068.0	113.0	-189.15	1261.94
257076.0	-136.77	-337.07	938.45
257084.0	183.33	-512.15	1189.19
257092.0	269.65	-265.77	217.27
257100.0	174.6	-646.97	736.7
257108.0	73.23	-329.79	850.67
257116.0	146.95	-457.34	435.52
257123.0	255.1	-492.26	558.22
257131.0	188.66	-236.19	973.37
257139.0	302.15	-639.21	1171.24
257148.0	522.82	-104.76	987.43
257155.0	332.7	-997.13	1003.92
257163.0	350.65	-420.0	427.76
257171.0	344.34	-341.43	841.94
257179.0	567.92	-768.7	703.72
257186.0	639.21	-753.67	620.78
257195.0	500.99	-531.55	1115.96
257202.0	864.73	-1270.67	793.44
257210.0	889.47	-1042.24	961.73
257218.0	1108.68	-190.12	1089.28
257226.0	1211.98	-1047.57	830.78
257234.0	1290.55	-941.85	831.75
257242.0	1502.49	-820.11	198.84
257250.0	1543.71	-711.96	456.86
257257.0	1762.44	-499.05	346.77
257265.0	1825.49	-608.66	1069.4
257273.0	1702.31	-1298.31	1079.58
257281.0	1161.06	-131.92	675.59
257289.0	749.79	-509.24	1174.15
257297.0	546.58	501.48	-31.04
257305.0	230.85	216.79	2048.59
257313.0	-425.33	1169.79	3089.37
257321.0	-287.11	63.53	2346.37
257329.0	-914.2	698.38	2360.92
257337.0	-1495.22	2478.28	1452.54
257344.0	-2086.42	195.45	5179.18
257352.0	-1757.11	-914.2	5781.05
257360.0	-2075.26	676.56	7024.07
257369.0	-1352.14	2094.66	1669.81
257376.0	-1059.21	1237.2	3366.3
257384.0	-988.4	1273.58	5340.19
257392.0	-972.88	1383.67	1641.2
257400.0	-1102.86	1495.7	-3031.17
257407.0	-1135.84	815.26	-759.01
257415.0	-894.32	-482.56	2221.24
257423.0	-261.89	-49.47	1394.34
257431.0	-257.04	804.11	693.53
257439.0	-478.68	1244.48	-37.34
257447.0	-526.7	967.06	334.64
257455.0	-21.82	491.29	1831.31
257463.0	300.69	281.29	3544.29
257471.0	276.44	471.89	1276.49
257479.0	103.79	836.6	-751.73
257486.0	93.6	927.3	1244.48
257495.0	372.96	856.0	2898.28
257502.0	551.43	523.3	1677.57
257510.0	479.17	277.9	-247.83
257518.0	171.69	282.26	87.78
257526.0	325.43	423.88	300.69
257534.0	680.44	560.65	1088.8
257542.0	780.83	351.62	1451.08
257550.0	606.72	128.04	-15.03
257558.0	510.69	-175.57	-1104.32
257566.0	656.67	-207.57	292.93
257573.0	775.98	-136.28	2059.74
257581.0	838.54	-52.86	698.87
257589.0	713.9	-477.71	-532.03
257597.0	523.3	-718.27	117.37
257606.0	567.92	-879.28	1277.46
257613.0	688.68	-1028.17	1330.32
257622.0	576.16	-1279.4	823.51
257628.0	289.05	-1384.15	322.52
257636.0	216.79	-1324.99	-108.64
257644.0	218.24	-1497.16	1015.56
257653.0	137.74	-1700.37	1740.13
257660.0	-16.49	-1796.39	779.37
257668.0	-201.27	-1777.96	-173.63
257676.0	-366.17	-1846.35	706.63
257684.0	-426.3	-1983.11	1680.48
257691.0	-662.49	-3521.01	-565.5
257700.0	-449.1	-1984.57	204.66
257708.0	-899.65	-2202.33	2277.99
257715.0	-3440.5	-4350.82	7381.02
257723.0	984.04	-2852.7	-8821.43
257731.0	605.26	-2853.18	4186.9
257739.0	-184.3	-5011.86	-451.52
257747.0	-3085.0	444.73	-5908.12
257755.0	-323.0	-4275.16	3925.49
257763.0	-1444.29	-2464.71	1187.73
257770.0	-1241.57	-2637.36	2598.56
257778.0	146.47	-1254.66	678.5
257787.0	514.09	-552.89	513.12
257794.0	694.02	-1892.91	1137.3
257802.0	850.18	-715.36	-267.71
257810.0	841.45	-1245.93	-428.24
257818.0	988.4	261.89	942.82
257826.0	865.22	-912.26	1877.39
257834.0	505.36	-106.21	1298.31
257841.0	222.61	239.1	1401.13
257850.0	351.62	-120.28	650.37
257857.0	186.72	130.46	1266.3
257865.0	145.98	-158.11	1464.18
257873.0	-30.55	-160.53	1372.03
257881.0	-17.46	67.41	392.84
257889.0	-110.58	6.79	485.47
257897.0	-66.93	84.87	1636.35
257906.0	-33.46	-377.81	1040.78
257913.0	-0.97	-322.52	-307.48
257920.0	-301.66	-337.07	1734.31
257928.0	-300.69	-79.54	1017.5
257936.0	-412.24	-79.54	719.24
257944.0	-334.16	-434.06	1538.38
257952.0	-356.47	-224.06	890.44
257960.0	-342.89	-590.71	1043.69
257969.0	-468.01	157.62	1121.78
257976.0	-398.66	129.49	1166.39
257984.0	-298.27	-752.22	910.32
257991.0	-450.07	-739.61	1233.32
257999.0	-267.71	-390.41	918.57
258007.0	-270.14	-487.41	715.84
258015.0	-187.21	-538.34	257.04
258023.0	-220.67	180.42	974.82
258031.0	-376.35	-748.34	2165.95
258039.0	-323.49	-47.04	1539.83
258047.0	-387.02	-695.96	814.29
258055.0	-268.68	-708.57	746.88
258063.0	-352.59	50.92	1092.68
258071.0	-345.31	-467.04	986.46
258078.0	-290.51	92.63	696.93
258086.0	-273.53	-230.85	1502.01
258094.0	-410.3	-338.52	879.77
258102.0	-258.98	-428.73	1225.56
258110.0	-253.16	-649.4	937.97
258118.0	-202.24	-561.13	1032.54
258126.0	-182.84	-389.44	721.66
258133.0	-56.74	-650.37	362.29
258141.0	135.31	-359.86	371.02
258149.0	-33.95	-399.63	1172.7
258157.0	-237.64	-161.99	723.12
258165.0	16.0	-402.54	1171.73
258173.0	27.64	-191.57	852.61
258181.0	100.39	-435.03	1042.24
258189.0	80.51	-308.45	928.27
258197.0	161.99	-227.46	988.4
258204.0	329.79	-466.56	269.17
258213.0	203.69	-94.09	904.02
258220.0	236.19	-679.95	656.19
258228.0	364.71	-323.0	550.95
258236.0	283.23	-313.79	618.84
258244.0	222.12	-678.5	828.84
258252.0	328.82	-177.51	897.71
258260.0	174.6	-598.47	1169.3
258268.0	369.56	-386.05	1000.04
258276.0	140.16	3.88	1236.23
258284.0	484.02	-881.71	926.33
258291.0	545.61	-481.59	418.06
258299.0	563.56	-171.2	609.63
258307.0	516.03	-293.9	1306.07
258315.0	604.29	-228.91	1170.76
258323.0	922.45	-1201.8	1317.71
258331.0	754.64	-741.55	1105.77
258339.0	890.92	-719.24	973.37
258347.0	1185.79	-955.91	479.17
258354.0	1307.53	-414.18	1130.99
258362.0	1392.88	-371.02	1086.37
258370.0	1621.31	-1502.98	-59.65
258378.0	1432.17	-1008.29	1211.01
258386.0	1241.57	-240.55	1681.94
258394.0	1165.91	-496.63	1090.74
258402.0	542.22	-226.0	1246.9
258410.0	472.86	-1473.39	310.88
258418.0	142.1	-1209.07	1018.47
258426.0	-17.46	746.88	678.5
258433.0	-231.82	-262.38	2830.39
258441.0	-416.12	317.67	-468.01
258449.0	-1165.91	42.68	3643.22
258457.0	-903.05	549.49	4427.45
258465.0	-1016.05	-217.27	7021.16
258474.0	-1337.11	-558.71	4417.75
258481.0	-1228.96	-186.24	1712.98
258489.0	-1529.65	3038.93	3744.59
258497.0	-1114.99	3417.71	4247.03
258504.0	-277.41	-407.87	3129.62
258512.0	-430.18	611.57	3935.67
258520.0	-725.06	790.53	-483.05
258528.0	-1126.14	1580.57	-3204.8
258536.0	-591.68	1673.21	289.05
258544.0	-220.18	376.84	4485.16
258552.0	79.54	-405.93	1339.53
258560.0	-234.25	-353.56	-2055.38
258567.0	-628.06	202.72	454.43
258575.0	-298.75	786.65	2268.29
258583.0	344.34	1027.69	2700.89
258591.0	457.83	592.17	1841.5
258599.0	-110.58	97.97	334.16
258607.0	-265.77	28.61	-1274.55
258615.0	47.04	225.03	1394.82
258623.0	306.51	638.73	3885.23
258632.0	271.11	782.28	733.79
258639.0	-0.48	600.41	-1814.34
258646.0	-163.93	252.68	7.76
258654.0	60.62	-176.05	2491.86
258662.0	477.71	-0.48	1360.87
258671.0	408.36	335.61	266.74
258678.0	63.05	503.9	-128.04
258686.0	99.42	376.35	-132.89
258694.0	490.81	146.47	1389.49
258702.0	646.0	-186.72	2238.7
258710.0	491.78	-196.42	381.68
258718.0	375.38	76.63	-1468.06
258725.0	451.04	201.27	508.75
258733.0	607.2	70.32	2341.03
258741.0	750.76	-210.48	1129.05
258749.0	605.26	-555.8	-216.79
258758.0	348.71	-652.79	112.52
258765.0	378.29	-500.99	1058.24
258773.0	560.65	-507.3	1510.74
258781.0	499.05	-783.25	1578.15
258788.0	188.18	-1079.1	370.05
258797.0	84.87	-1105.29	-342.89
258804.0	122.22	-1166.88	1062.61
258812.0	89.24	-1195.49	2155.77
258820.0	-16.0	-1301.22	982.1
258828.0	-205.63	-1296.37	-197.39
258836.0	-386.53	-1411.8	767.25
258844.0	-406.9	-1546.14	1819.19
258853.0	-382.17	-1629.56	1676.6
258860.0	-535.91	-1617.92	953.0
258867.0	-780.83	-1543.23	194.48
258875.0	-745.91	-1324.02	-345.8
258883.0	-1370.57	-3008.86	-2141.7
258891.0	161.99	-1266.79	734.27
258899.0	-2798.86	-812.35	-1913.76
258907.0	1360.39	-3424.98	-8994.09
258915.0	-1204.22	-2139.28	8170.58
258923.0	32.49	-1327.9	-2027.25
258930.0	-925.84	-2841.06	4119.0
258938.0	-2216.88	-3035.05	-485.47
258946.0	-888.01	-1227.5	2233.85
258954.0	825.45	-1897.27	698.87
258962.0	902.56	-154.71	784.22
258970.0	702.75	-1507.83	1012.65
258979.0	841.45	-187.69	909.84
258986.0	904.99	221.15	993.25
258994.0	544.16	-244.43	1093.65
259002.0	627.57	-495.66	944.27
259010.0	594.11	-107.67	820.11
259017.0	509.72	-253.65	929.72
259025.0	432.12	-319.61	1267.27
259033.0	209.03	5.82	1488.91
259041.0	176.05	384.11	1387.06
259049.0	46.56	373.93	1368.15
259057.0	-92.15	101.85	698.38
259065.0	-56.74	-283.23	999.56
259073.0	-34.43	-110.58	977.73
259082.0	-120.76	114.94	989.37
259088.0	-159.56	274.99	1940.92
259096.0	-91.66	282.26	880.74
259104.0	-234.25	-171.2	1486.97
259112.0	-196.42	57.71	339.01
259120.0	-35.89	-360.83	677.53
259128.0	-214.85	-269.17	1241.08
259136.0	-11.15	-316.7	654.25
259143.0	-135.8	118.82	247.83
259152.0	-310.88	-263.83	991.8
259159.0	-71.29	-212.91	1286.67
259167.0	-143.07	-140.16	1642.65
259175.0	-262.38	-276.44	965.12
259183.0	-120.76	-54.8	1001.01
259191.0	-141.13	-16.97	830.78
259199.0	-100.88	-27.16	805.08
259207.0	-122.22	-477.71	1010.23
259214.0	-51.41	-215.33	806.53
259222.0	-76.14	209.51	862.31
259231.0	-37.83	-607.2	917.11
259238.0	53.35	-194.96	999.56
259247.0	-10.67	-380.23	1080.07
259254.0	-39.77	-179.45	982.1
259262.0	-59.17	95.54	654.73
259270.0	-72.26	-431.15	1349.23
259278.0	-17.94	-661.04	1177.06
259286.0	-134.34	-419.03	1095.59
259293.0	22.31	-215.82	858.43
259301.0	66.93	-389.93	1633.44
259309.0	-46.07	-367.62	1229.93
259317.0	-78.08	-288.57	900.62
259325.0	-127.07	-97.97	1466.6
259333.0	-200.78	-273.53	1199.37
259341.0	-112.52	-630.97	973.37
259349.0	-163.93	-136.77	1055.33
259357.0	-84.87	-45.1	436.49
259365.0	-259.47	-446.67	933.6
259373.0	-381.2	-231.82	937.0
259380.0	-420.97	33.95	1145.54
259388.0	-423.88	-422.91	968.52
259396.0	-418.54	-677.04	675.1
259405.0	-284.2	-24.25	251.22
259412.0	-323.0	224.06	1109.65
259420.0	-227.46	39.28	-447.16
259428.0	-2.42	-356.47	697.9
259436.0	-74.69	81.48	1039.81
259443.0	175.57	-184.78	-1119.84
259451.0	-100.88	-628.54	1224.59
259459.0	-143.56	-964.64	948.64
259467.0	55.77	-829.33	206.12
259475.0	286.14	-768.22	782.77
259495.0	294.39	-1264.36	1298.31
259500.0	470.92	-635.82	1001.98
259505.0	552.4	-324.94	-565.01
259510.0	601.87	-541.73	1242.05
259516.0	574.71	-385.56	1009.26
259523.0	656.67	-442.31	922.45
259530.0	1023.32	-968.52	1578.63
259538.0	718.75	-651.82	1031.08
259546.0	978.7	-632.42	168.29
259554.0	807.02	-1001.98	1677.09
259562.0	1504.43	-1160.57	951.55
259570.0	1268.73	-600.41	807.5
259578.0	1526.26	-566.95	625.63
259586.0	1518.01	-445.22	1014.59
259593.0	1623.74	-211.94	965.12
259601.0	1453.99	-529.12	1475.82
259609.0	777.43	-274.5	1405.98
259617.0	273.53	10.18	572.77
259625.0	118.34	149.38	1467.09
259633.0	-272.56	-1410.83	3929.37
259641.0	-308.94	370.05	1839.07
259648.0	-786.16	-782.28	-70.32
259656.0	-1286.19	215.82	3038.45
259665.0	-1420.04	374.41	3926.94
259673.0	-996.65	192.54	6091.93
259680.0	-1605.79	706.14	4281.47
259688.0	-1431.68	2538.91	4010.84
259696.0	-938.94	2891.01	1292.01
259704.0	-809.44	64.99	4634.54
259713.0	-532.03	-949.61	3784.36
259720.0	-806.53	796.83	699.84
259727.0	-1018.47	1591.73	-1434.59
259736.0	-1113.05	2190.69	-1326.44
259743.0	-544.64	744.94	2113.09
259751.0	-54.8	-667.34	1821.13
259759.0	-25.7	-607.69	1426.83
259767.0	-293.9	164.9	-1029.14
259775.0	-280.81	1012.65	596.05
259783.0	156.17	1203.74	3074.33
259791.0	594.11	785.68	2943.39
259799.0	503.9	176.54	1373.48
259806.0	197.87	-9.21	-524.76
259814.0	157.62	204.18	1390.94
259822.0	427.27	607.69	2015.61
259830.0	601.38	1074.73	2016.09
259838.0	361.8	901.59	192.05
259846.0	134.83	430.67	-819.14
259854.0	157.14	-101.85	513.12
259862.0	474.8	-43.65	1473.39
259870.0	554.83	378.29	1559.23
259879.0	400.11	595.56	-736.21
259885.0	229.88	535.91	-684.32
259893.0	279.84	230.85	436.0
259901.0	528.64	-77.11	1367.18
259910.0	550.95	-52.86	730.39
259917.0	417.57	60.14	-527.18
259925.0	256.56	234.73	-84.39
259933.0	438.91	195.93	675.1
259941.0	555.31	-98.94	1773.6
259949.0	497.6	-497.11	864.73
259956.0	334.64	-573.25	19.88
259964.0	270.62	-484.02	350.16
259972.0	358.41	-573.74	1516.07
259981.0	363.74	-867.16	1993.3
259988.0	296.33	-1057.27	802.17
259996.0	110.09	-1171.73	445.22
260004.0	50.92	-1227.02	756.1
260012.0	54.32	-1308.5	1679.03
260020.0	26.19	-1407.92	1543.71
260027.0	-159.08	-1450.6	750.28
260035.0	-362.29	-1498.61	297.78
260043.0	-396.23	-1550.02	598.47
260051.0	-390.9	-1506.86	1228.96
260059.0	-468.01	-1945.77	2896.34
260067.0	-275.47	-984.52	-4054.98
260075.0	-522.82	2250.83	3031.66
260083.0	937.48	-745.43	-1986.02
260092.0	705.66	-2333.76	918.08
260098.0	-1377.36	-1425.86	-308.45
260106.0	-587.32	-312.82	-5300.91
260114.0	331.25	-2526.3	2874.52
260122.0	-1354.57	-3127.2	1410.34
260131.0	-795.86	-1908.42	1389.49
260138.0	148.89	-2262.47	2131.52
260146.0	549.01	-2051.01	409.81
260154.0	1148.45	-1238.17	595.56
260162.0	964.15	-610.11	1364.27
260169.0	903.53	167.81	1621.8
260177.0	624.66	284.2	1119.35
260185.0	630.97	-27.16	1473.39
260193.0	681.41	-44.62	1233.32
260202.0	375.38	-461.22	620.78
260209.0	233.76	-973.37	961.24
260217.0	193.51	-339.01	696.93
260225.0	168.78	-917.11	1284.73
260233.0	-49.47	-561.62	1188.7
260241.0	-31.52	-572.77	542.22
260249.0	0.0	-600.9	1198.89
260256.0	-258.01	-278.87	1351.17
260264.0	-27.64	-442.79	314.27
260272.0	-368.59	-496.63	1474.85
260280.0	-320.09	72.75	590.23
260289.0	0.97	-151.32	-287.6
260296.0	-179.45	-365.2	1525.29
260304.0	0.0	-199.81	613.99
260311.0	-183.33	-418.54	947.18
260319.0	-222.12	-443.28	1048.06
260327.0	-63.53	-69.35	31.04
260335.0	-184.78	-349.68	1211.01
260343.0	-125.61	-165.38	1098.5
260351.0	-21.82	-189.15	823.99
260359.0	-75.66	-186.24	1043.69
260368.0	-136.28	-735.73	1057.27
260375.0	-48.98	-347.74	1168.33
260383.0	-166.35	-417.57	1064.06
260391.0	-124.64	-59.17	505.36
260398.0	-149.86	44.13	810.41
260406.0	-275.96	-216.79	923.42
260414.0	-230.85	-323.97	707.11
260422.0	-254.62	-321.06	832.72
260430.0	-390.41	-248.8	583.44
260438.0	-370.05	-229.4	710.02
260446.0	-354.04	-151.32	878.8
260455.0	-313.79	-395.75	1154.75
260462.0	-410.78	-671.22	722.15
260469.0	-254.13	-662.01	1285.22
260477.0	-484.99	-257.04	918.57
260485.0	-314.27	-321.55	718.75
260493.0	-145.98	-95.06	855.52
260501.0	-219.21	-116.88	1097.53
260509.0	-397.2	-371.99	467.04
260517.0	-337.07	-205.15	841.94
260525.0	-141.13	-581.98	809.44
260533.0	-194.48	-385.08	1237.69
260540.0	-238.61	-226.49	807.02
260548.0	-66.44	-543.67	473.35
260556.0	-5.82	-547.07	732.82
260564.0	37.34	-477.71	776.46
260572.0	117.37	-550.95	606.72
260580.0	9.21	-69.84	1195.49
260588.0	57.23	-640.18	581.5
260595.0	170.23	-288.57	643.58
260603.0	140.65	-213.39	1134.39
260612.0	215.33	57.23	636.3
260619.0	405.45	-829.81	1274.06
260627.0	379.75	-593.14	1260.0
260635.0	474.32	-839.51	1646.53
260643.0	271.11	-317.18	582.47
260651.0	382.17	-275.96	767.73
260659.0	405.45	-93.6	1345.35
260666.0	554.34	-341.92	1296.86
260674.0	772.58	-512.15	813.81
260683.0	999.56	-678.01	787.62
260690.0	851.64	-205.15	948.64
260698.0	1082.98	242.49	1305.1
260706.0	1077.64	151.8	1001.98
260714.0	1195.01	-1674.66	584.89
260722.0	1520.92	-677.04	889.95
260730.0	1658.66	128.52	1314.32
260738.0	1682.91	-1607.25	1119.84
260745.0	1179.0	-441.82	1243.99
260753.0	803.62	-325.43	1085.4
260761.0	502.45	-533.49	1117.9
260769.0	113.49	-591.2	1132.45
260777.0	46.07	-161.02	3204.31
260785.0	57.71	861.34	-480.62
260793.0	-463.65	445.7	720.21
260801.0	-1135.36	668.8	1500.55
260808.0	-731.36	466.56	3885.72
260816.0	-446.19	688.68	2992.86
260825.0	-1452.54	-306.51	5914.9
260833.0	-1324.02	119.31	4223.75
260840.0	-1264.36	321.06	2161.59
260848.0	-1048.54	3788.72	4193.2
260856.0	-298.27	3763.5	6747.63
260864.0	-97.0	1502.98	4781.97
260872.0	-468.98	474.32	994.22
260880.0	-965.12	-326.88	-2572.37
260888.0	-1044.18	604.78	-702.75
260895.0	-131.92	1370.57	1096.56
260903.0	356.47	1236.72	3516.16
260911.0	176.54	1002.95	792.47
260919.0	-225.52	505.84	-1707.16
260927.0	-238.13	-186.24	945.73
260935.0	237.64	-91.66	3963.32
260943.0	569.86	463.16	3681.05
260951.0	369.56	1223.14	-96.51
260960.0	-143.56	848.24	68.87
260967.0	-133.86	137.25	1206.65
260974.0	289.54	-221.15	2675.19
260982.0	367.62	-187.69	2150.92
260991.0	69.84	87.3	-434.06
260998.0	-275.96	326.88	-1566.02
261006.0	-177.02	205.15	-219.7
261015.0	33.95	-52.38	2277.99
261022.0	113.49	-198.84	759.98
261030.0	-24.25	-86.81	-1146.99
261038.0	-114.46	218.73	-421.45
261046.0	64.02	353.07	1891.45
261053.0	319.12	209.03	2590.8
261061.0	312.33	4.85	1075.7
261069.0	96.51	-33.46	47.53
261077.0	67.41	52.86	-154.71
261086.0	239.58	-23.76	1474.85
261093.0	327.85	-242.98	2056.83
261100.0	270.62	-355.5	653.28
261109.0	163.93	-338.52	-665.4
261117.0	208.54	-353.07	324.46
261124.0	314.76	-530.58	2204.75
261132.0	388.47	-713.42	1672.24
261141.0	256.56	-786.16	426.79
261148.0	75.66	-837.09	22.79
261156.0	80.51	-882.19	893.83
261164.0	164.9	-1066.97	1577.66
261173.0	133.37	-1248.84	1230.9
261180.0	-101.85	-1340.02	207.57
261187.0	-225.52	-1420.53	-416.12
261195.0	-258.5	-1621.8	710.51
261203.0	-274.5	-1687.76	1447.69
261212.0	144.04	-2424.94	-6986.73
261219.0	254.62	-1731.4	4716.02
261227.0	-1096.56	-1822.58	3462.32
261235.0	-404.96	-847.76	-4308.14
261243.0	17.94	-1805.61	-4323.66
261251.0	-642.12	-373.93	15825.13
261258.0	-76.14	-5541.95	15678.18
261266.0	1015.08	-3379.88	6769.45
261274.0	-1776.99	-1009.74	-1264.85
261282.0	-2625.72	-1974.38	-288.57
261290.0	781.8	-2676.16	5789.78
261298.0	-848.24	-2440.94	105.24
261306.0	-1238.66	-1879.33	1249.33
261314.0	-939.91	-1553.9	1811.91
261322.0	410.3	-604.78	1021.87
261329.0	982.1	-81.96	1017.5
261337.0	997.13	-1116.44	1307.04
261345.0	1017.5	-268.2	676.56
261353.0	1239.14	-125.13	1261.94
261361.0	920.51	274.99	1387.06
261369.0	776.95	-540.28	1128.57
261377.0	494.2	11.15	1841.01
261385.0	338.52	58.68	1296.37
261393.0	228.91	140.16	1119.84
261400.0	122.22	-79.05	937.0
261408.0	177.99	-367.62	399.63
261416.0	211.94	-158.59	343.86
261424.0	0.48	-177.51	1103.35
261432.0	-186.72	-37.83	1355.05
261441.0	22.31	-12.61	988.4
261448.0	-146.47	-385.56	1069.88
261456.0	-254.62	-380.23	1301.22
261464.0	-484.5	-259.95	699.84
261472.0	-476.74	-520.39	653.28
261479.0	-487.9	-358.89	1062.61
261487.0	-533.0	175.57	639.21
261495.0	-615.93	-563.56	1433.14
261503.0	-746.4	-103.3	758.52
261511.0	-565.01	-810.41	705.66
261519.0	-692.08	-191.57	399.63
261527.0	-536.4	-532.52	856.97
261535.0	-384.59	-712.45	676.56
261542.0	-562.59	-678.01	1150.87
261551.0	-365.2	-430.67	404.96
261558.0	-379.75	-237.16	863.28
261566.0	-230.37	-1015.56	1023.81
261574.0	-98.45	-775.98	1240.11
261582.0	-191.57	-213.88	760.95
261590.0	-50.92	-201.75	982.1
261598.0	-156.17	-334.64	1127.6
261606.0	-53.35	0.97	811.38
261613.0	-123.67	5.82	438.43
261621.0	453.95	-1365.24	2760.06
261629.0	7.27	453.95	338.52
261637.0	-183.33	-64.5	661.52
261645.0	-213.39	-303.12	1051.94
261653.0	-218.24	-415.15	958.33
261661.0	-180.42	-260.44	1009.26
261669.0	-258.5	-304.57	1195.01
261677.0	-153.26	-383.62	723.12
261685.0	-3.88	-76.63	916.14
261693.0	-32.01	-287.6	758.52
261700.0	-47.53	-244.43	928.75
261708.0	19.4	-621.27	736.7
261716.0	-109.12	-268.68	1372.51
261724.0	31.52	-143.07	323.0
261732.0	19.88	-296.33	790.04
261740.0	44.62	-146.47	452.01
261748.0	52.38	-6.79	698.38
261756.0	131.92	-313.79	726.03
261763.0	153.74	-494.2	351.62
261771.0	114.46	-467.53	1322.56
261779.0	28.13	-749.31	824.96
261787.0	90.21	-538.82	1440.9
261795.0	127.55	-711.48	667.34
261803.0	211.45	-218.73	1117.41
261811.0	183.33	-535.91	499.05
261819.0	28.61	-466.07	999.07
261827.0	10.67	-358.41	1123.72
261835.0	-50.44	-343.86	1023.32
261842.0	76.63	-896.74	1360.87
261850.0	117.85	-776.46	1003.44
261858.0	292.93	-297.78	1146.51
261866.0	428.73	-270.14	856.97
261874.0	244.92	-522.82	382.17
261882.0	265.77	-642.12	1457.87
261890.0	561.62	-203.21	1315.29
261899.0	406.9	-746.4	1415.19
261906.0	459.28	-496.63	759.01
261913.0	728.45	-623.69	389.44
261921.0	1059.7	-728.94	886.56
261929.0	966.58	-536.4	730.88
261937.0	1144.08	-449.58	1309.95
261945.0	1420.04	-940.88	1981.66
261953.0	1581.06	-670.74	1194.52
261961.0	1659.14	-746.4	1952.56
261969.0	1364.27	-244.43	619.81
261976.0	919.05	-1161.06	276.44
261984.0	825.45	-561.13	975.31
261992.0	632.42	-49.47	1039.81
262000.0	558.22	-668.8	1208.1
262008.0	109.12	24.25	1700.85
262016.0	-178.48	1012.65	1485.03
262024.0	-210.48	-240.55	2187.29
262032.0	-487.41	-288.08	1242.05
262040.0	-637.76	-476.26	4484.19
262048.0	-472.38	-324.94	2925.44
262056.0	-1055.33	-455.89	4620.47
262063.0	-1181.43	-1308.98	3505.97
262071.0	-1104.8	946.21	2248.4
262079.0	-589.26	1710.07	2763.46
262087.0	-66.93	1676.6	6786.43
262095.0	9.7	1785.72	4628.23
262103.0	-420.97	1926.37	153.26
262112.0	-904.99	918.08	-1978.75
262119.0	-852.12	524.27	33.95
262126.0	-55.29	-437.46	2411.36
262134.0	353.56	276.93	2766.85
262142.0	117.37	961.24	518.94
262151.0	-266.26	940.88	-1498.13
262158.0	-42.19	363.74	1279.4
262166.0	430.18	-119.31	4156.83
262174.0	707.11	-125.13	2645.12
262182.0	356.47	740.58	-509.24
262190.0	-0.97	933.6	-494.69
262198.0	76.14	832.72	1796.39
262205.0	463.65	439.4	2448.7
262213.0	517.0	161.5	1418.1
262221.0	105.24	40.25	-646.49
262229.0	-23.28	363.26	-1256.6
262237.0	180.9	335.13	624.18
262245.0	407.39	185.75	2144.61
262254.0	381.2	-21.82	625.15
262261.0	194.96	-60.14	-1638.29
262269.0	158.11	-44.62	-548.52
262277.0	334.64	-5.82	1828.89
262284.0	593.62	-145.5	2060.23
262293.0	479.65	-358.41	522.82
262300.0	236.67	-484.99	-335.61
262308.0	182.36	-531.06	470.92
262316.0	383.14	-787.13	1749.35
262324.0	395.75	-1088.31	2064.11
262332.0	191.08	-1193.07	485.47
262340.0	18.91	-1188.22	-538.82
262347.0	30.55	-1227.5	646.49
262355.0	87.78	-1481.15	2196.51
262363.0	0.0	-1679.03	1544.2
262371.0	-217.76	-1675.15	-64.5
262380.0	-476.26	-1635.86	-79.54
262387.0	-515.06	-1670.3	980.64
262395.0	-454.92	-1766.81	1598.03
262403.0	-524.76	-1644.59	706.14
262411.0	-418.54	-1544.2	-429.21
262418.0	-589.26	-1731.4	-3040.87
262426.0	-1296.86	-1052.42	2381.77
262434.0	-4338.7	-1040.3	10341.87
262442.0	1021.38	-7187.51	-3487.06
262450.0	-28.61	682.38	14976.89
262458.0	851.15	-2492.35	1111.59
262466.0	-3351.75	-408.36	-13908.95
262474.0	-2305.63	-2567.52	-1119.84
262482.0	-1106.74	-1464.18	3178.12
262490.0	-1597.06	-544.16	986.46
262497.0	938.45	-2766.85	666.86
262505.0	705.66	-1821.13	1355.05
262513.0	1097.04	-2818.75	1107.23
262521.0	1132.93	-1905.03	1572.33
262529.0	975.79	-290.02	1380.27
262537.0	725.54	-530.09	855.52
262545.0	752.22	-247.83	1211.5
262553.0	573.25	-105.73	659.58
262560.0	287.11	24.25	2087.39
262568.0	341.92	-87.3	1254.18
262576.0	146.47	-190.6	1135.84
262584.0	163.44	-351.13	1057.27
262592.0	-112.03	-15.03	680.92
262600.0	-156.65	-219.21	1050.97
262608.0	-62.08	73.23	383.14
262616.0	-3.39	-67.9	911.78
262624.0	66.93	-237.16	947.67
262632.0	87.3	-354.53	1317.23
262639.0	-52.38	0.0	746.88
262647.0	-25.7	-206.6	574.22
262656.0	-29.58	-113.0	893.35
262663.0	64.5	56.26	1056.3
262671.0	-15.03	-96.51	973.37
262679.0	9.7	-278.38	983.07
262687.0	26.19	-313.79	1033.99
262695.0	33.95	-129.01	710.02
262703.0	69.35	55.77	1456.42
262710.0	42.68	-189.63	1348.26
262718.0	-40.74	-168.29	1121.78
262726.0	-50.92	-288.08	739.61
262734.0	59.17	-40.74	1145.05
262742.0	-9.21	-119.31	962.7
262750.0	-27.64	44.62	1010.23
262758.0	-147.92	92.15	1159.12
262766.0	-186.72	-418.06	997.13
262774.0	-182.84	-121.25	942.82
262781.0	-163.44	-186.24	1227.5
262789.0	-148.89	-145.01	873.95
262798.0	-96.51	-248.31	895.77
262805.0	-190.6	-269.65	469.47
262813.0	-280.32	-76.63	1253.21
262821.0	-368.59	64.02	1181.91
262829.0	-293.42	-331.73	1471.94
262837.0	-389.93	-202.24	963.67
262845.0	-465.59	-404.48	762.4
262853.0	-678.98	-703.72	903.53
262860.0	-578.59	-558.22	817.69
262868.0	-479.65	-168.29	813.32
262876.0	-336.58	-918.57	920.51
262884.0	-249.28	-852.61	629.51
262892.0	-189.63	-561.13	786.65
262900.0	-109.12	-610.6	301.18
262908.0	-94.57	-514.09	820.6
262916.0	-269.17	-376.84	906.44
262923.0	-28.13	-365.2	1792.51
262931.0	54.8	-420.0	1184.82
262940.0	83.42	-193.02	844.36
262947.0	250.74	-113.0	138.22
262955.0	329.79	-707.11	892.86
262963.0	320.09	-1060.67	-954.94
262971.0	275.47	-276.44	974.34
262979.0	43.16	-83.42	-494.2
262987.0	429.21	-367.62	890.44
262994.0	548.52	-403.51	862.31
263003.0	322.03	-673.65	517.48
263010.0	618.36	-502.45	1005.86
263018.0	424.85	-432.12	1004.89
263026.0	387.02	-490.32	974.34
263034.0	749.79	-408.84	1026.72
263042.0	824.48	5.82	1692.12
263050.0	826.9	-335.61	633.88
263058.0	1116.93	-380.72	1168.33
263066.0	1061.15	-332.7	872.98
263073.0	1100.44	-400.11	745.91
263081.0	1159.6	-302.15	619.81
263089.0	1049.51	-584.41	775.49
263097.0	786.16	-323.0	1372.51
263105.0	684.32	-429.21	689.17
263113.0	506.81	-759.01	911.29
263121.0	369.08	-273.53	1063.09
263129.0	345.8	-389.44	1995.72
263137.0	289.54	-747.85	1481.64
263144.0	-107.67	267.23	1193.55
263152.0	-336.1	69.35	889.95
263160.0	-494.2	1089.77	1244.96
263168.0	-410.78	961.24	1712.98
263177.0	-791.01	318.15	3339.62
263184.0	-958.82	-196.42	2605.35
263192.0	-868.61	-480.14	4392.53
263200.0	-140.16	627.57	4708.74
263208.0	-72.75	2959.88	3850.31
263215.0	245.4	1305.1	5159.78
263223.0	128.04	1009.26	3713.06
263231.0	-203.21	982.1	1290.07
263239.0	-371.02	1021.38	-1618.89
263247.0	-495.17	812.84	643.09
263255.0	62.56	473.35	1342.93
263264.0	312.33	485.96	1152.81
263271.0	269.17	651.34	943.79
263279.0	-23.76	522.33	41.22
263286.0	11.15	415.15	950.58
263294.0	259.95	306.03	2097.08
263302.0	368.11	542.22	3110.22
263310.0	247.34	881.71	782.77
263319.0	112.03	814.29	3.39
263326.0	113.0	608.17	1670.78
263334.0	236.67	457.34	2341.03
263342.0	315.24	543.67	1251.27
263350.0	131.43	605.75	-249.77
263358.0	-14.06	666.37	7.27
263365.0	56.26	662.49	238.13
263373.0	301.18	477.23	986.95
263381.0	303.12	373.93	894.32
263390.0	264.32	430.67	-203.69
263397.0	325.43	482.08	-113.0
263405.0	469.95	422.42	1286.67
263414.0	596.53	318.64	2024.82
263421.0	576.65	85.84	677.04
263428.0	491.78	-66.93	57.71
263437.0	373.93	-188.66	693.05
263445.0	457.83	-390.9	1188.22
263452.0	488.87	-676.07	1194.04
263461.0	390.9	-852.61	735.24
263468.0	214.36	-928.27	526.21
263476.0	182.36	-1001.98	667.34
263484.0	174.6	-1159.6	1651.38
263492.0	78.57	-1266.3	1719.76
263501.0	-94.57	-1355.54	779.37
263507.0	-321.06	-1406.95	468.98
263515.0	-517.0	-1509.77	1066.0
263524.0	-681.89	-1618.89	1447.2
263531.0	-813.32	-1735.28	670.74
263539.0	-1051.45	-1601.91	-97.97
263547.0	-1034.96	-2036.46	-233.76
263555.0	-872.49	-1805.12	-2802.26
263562.0	-2142.67	-2493.8	8233.63
263571.0	136.28	-4617.56	9396.63
263578.0	-212.91	-4836.29	3887.66
263586.0	-1829.86	-1156.21	-2934.66
263595.0	-2393.41	-3987.08	6658.88
263602.0	-1617.92	-3700.94	625.15
263610.0	91.18	-2423.0	1553.9
263618.0	561.13	-2982.67	1031.08
263626.0	1094.13	-1451.08	1114.5
263634.0	1258.54	-875.4	1164.94
263642.0	881.71	-729.91	942.82
263650.0	729.42	186.72	932.63
263657.0	587.8	-312.82	1410.34
263665.0	428.73	-121.25	1227.99
263673.0	407.87	230.85	558.71
263682.0	246.86	-36.86	972.4
263689.0	102.82	-351.62	1375.42
263697.0	202.72	-402.05	668.31
263705.0	92.63	11.15	1203.74
263713.0	-48.98	161.99	853.09
263720.0	67.41	129.98	919.54
263728.0	99.91	-177.51	839.03
263736.0	30.07	-13.58	869.58
263744.0	33.95	77.11	1322.08
263752.0	-37.83	223.58	589.74
263760.0	-15.52	-554.34	1047.57
263769.0	24.25	118.82	607.69
263776.0	7.76	-161.5	838.06
263784.0	256.07	-556.28	321.55
263791.0	-94.09	-45.1	654.25
263800.0	-92.15	-104.76	913.72
263807.0	55.29	1203.74	548.04
263815.0	41.22	-160.05	1113.53
263823.0	57.71	853.09	1041.75
263831.0	177.02	-1183.37	910.81
263839.0	89.72	-367.62	790.53
263847.0	16.0	-18.91	1229.93
263855.0	-138.22	13.58	1170.76
263862.0	-163.44	-309.42	573.74
263870.0	-183.81	-153.74	597.02
263878.0	-326.88	38.31	1277.46
263886.0	-469.95	-355.98	842.91
263894.0	-549.01	-21.34	952.52
263903.0	-492.75	-407.39	856.49
263910.0	-728.94	-374.9	1364.75
263918.0	-658.61	-380.23	335.13
263926.0	-747.37	-189.15	1022.84
263934.0	-739.12	-631.94	1082.98
263941.0	-741.55	-517.48	771.61
263949.0	-687.71	-437.46	602.35
263957.0	-673.16	-780.83	946.7
263965.0	-616.42	-351.13	720.69
263973.0	-450.07	-464.62	1172.7
263981.0	-409.33	-457.83	1107.23
263989.0	-301.18	-252.19	639.21
263997.0	-226.97	-651.82	1199.86
264005.0	-95.06	-637.27	886.56
264013.0	81.48	-333.19	996.65
264020.0	22.31	-656.19	682.86
264029.0	133.37	-777.43	978.7
264036.0	188.18	-408.84	627.57
264044.0	180.9	-829.81	2036.46
264052.0	358.89	-677.53	966.58
264060.0	469.47	-278.87	881.22
264068.0	493.23	-436.0	1115.47
264076.0	523.3	103.79	1480.67
264083.0	459.28	-590.71	365.2
264091.0	462.68	-425.33	1421.98
264099.0	327.37	-457.34	998.59
264107.0	470.92	-311.85	384.59
264115.0	507.78	-791.5	1108.68
264123.0	602.84	-528.64	1634.89
264131.0	567.92	-842.91	1404.04
264139.0	702.75	-1107.71	678.01
264147.0	767.25	-755.13	1268.24
264155.0	890.92	-697.41	1329.84
264162.0	1000.53	-619.81	993.74
264170.0	1128.08	-743.0	123.19
264178.0	1190.16	-941.85	922.45
264186.0	1034.48	-436.97	536.4
264194.0	868.13	-407.87	935.54
264202.0	653.76	-230.85	1254.66
264210.0	568.41	-636.3	1033.99
264218.0	327.85	-1602.4	1496.67
264225.0	441.34	-354.04	1747.41
264234.0	347.25	-280.81	1901.15
264241.0	328.82	1083.95	1144.08
264249.0	-109.61	45.59	853.58
264257.0	-444.25	-920.02	1715.4
264265.0	-299.24	-588.77	4191.26
264274.0	-371.02	-759.98	2646.58
264281.0	-274.02	1241.08	603.32
264289.0	-1174.64	97.0	3552.05
264297.0	-1453.51	-2025.79	3556.9
264304.0	-762.4	-224.06	1330.81
264313.0	-255.1	2988.98	2590.8
264320.0	-154.23	2459.86	7146.29
264328.0	319.12	-20.37	3884.75
264336.0	92.63	377.32	2501.56
264344.0	-447.64	644.55	522.82
264352.0	-770.16	1538.86	-932.15
264360.0	-433.58	771.61	161.5
264367.0	1.45	355.98	2802.26
264375.0	-18.91	-45.59	1793.0
264383.0	-149.38	-107.18	-2091.75
264391.0	-338.04	28.61	191.08
264400.0	-93.12	374.41	2592.26
264407.0	314.27	714.39	2225.12
264415.0	426.79	726.51	526.21
264423.0	33.95	535.43	823.99
264431.0	-97.0	191.08	817.2
264439.0	220.18	283.72	1025.26
264446.0	368.59	483.05	2999.16
264455.0	242.01	736.21	1562.63
264462.0	107.67	577.13	-733.3
264470.0	109.61	221.64	-162.47
264478.0	162.47	80.51	2377.41
264486.0	337.55	335.13	1245.93
264495.0	315.73	366.17	-847.76
264502.0	79.54	476.26	-341.92
264510.0	101.36	476.74	388.96
264517.0	356.95	351.62	1022.84
264525.0	488.38	87.3	1149.9
264533.0	345.31	66.93	875.89
264541.0	335.61	164.9	-206.6
264550.0	454.43	62.56	745.91
264557.0	492.26	-330.76	2368.68
264565.0	445.7	-602.35	1276.0
264573.0	358.89	-806.05	-232.79
264582.0	217.27	-891.41	242.01
264588.0	171.2	-1059.7	1597.06
264596.0	263.83	-1227.99	1228.96
264605.0	195.93	-1355.05	659.58
264612.0	-37.34	-1465.15	463.65
264620.0	-136.28	-1523.35	169.75
264628.0	-111.55	-1627.62	613.02
264636.0	-149.38	-1735.28	1141.18
264644.0	-335.61	-1795.42	521.36
264652.0	-500.99	-1827.92	-720.69
264660.0	-298.27	-2485.56	-3607.82
264667.0	-222.12	-2431.24	3002.56
264675.0	-816.72	-1986.99	4530.75
264683.0	-1102.38	452.01	15506.5
264691.0	324.94	-1838.59	3390.06
264699.0	1039.33	-2526.78	2811.47
264707.0	1034.48	-2027.25	-2998.19
264715.0	-1122.26	-1999.12	-1991.84
264723.0	-563.56	-1806.09	-1506.86
264730.0	-2334.73	-3699.48	5838.28
264739.0	-2981.7	-3251.35	1553.9
264747.0	-398.17	-213.39	945.73
264754.0	632.42	107.18	1039.33
264762.0	961.24	-336.58	1166.39
264770.0	1157.66	-674.13	1034.48
264778.0	828.36	-482.08	1079.58
264786.0	732.82	-807.99	868.61
264794.0	606.23	-315.73	928.27
264803.0	306.03	-263.35	819.14
264809.0	117.37	-464.13	1334.68
264817.0	-111.55	-686.26	812.35
264825.0	-394.29	-402.54	1392.4
264833.0	-369.56	-94.09	962.7
264841.0	-226.0	30.55	152.29
264849.0	-221.15	-276.93	1925.88
264857.0	-569.86	-322.52	2553.46
264865.0	-426.3	-179.45	-494.69
264873.0	-505.84	-37.83	1280.37
264880.0	-254.13	-107.67	928.27
264889.0	-348.22	-131.92	824.48
264896.0	-8.73	-237.16	396.72
264904.0	-218.73	-262.38	274.5
264912.0	-23.28	-111.55	1265.82
264920.0	-41.71	-89.72	1012.65
264928.0	-5.82	-95.54	483.05
264936.0	32.98	487.41	1438.47
264944.0	-19.4	-40.74	561.13
264952.0	-27.64	-11.15	834.18
264960.0	-46.07	-254.13	937.97
264967.0	-49.47	-226.49	821.08
264975.0	-73.23	-162.47	1406.95
264983.0	5.33	-404.48	1122.75
264991.0	171.2	-317.67	627.09
264999.0	18.43	-408.84	1213.44
265007.0	52.38	-179.45	420.0
265015.0	154.71	-490.81	1093.65
265022.0	47.53	-330.28	1188.22
265031.0	71.78	-237.16	1023.32
265038.0	77.11	-190.6	1032.05
265046.0	90.21	-610.6	529.61
265054.0	42.68	-209.51	1265.33
265062.0	64.99	-689.17	219.7
265070.0	-182.36	-440.37	1079.58
265078.0	-174.6	-515.54	1189.67
265086.0	-310.88	-246.86	1261.94
265094.0	-196.42	-154.23	1475.82
265101.0	-364.71	-238.61	721.18
265109.0	-214.36	-222.12	1154.75
265117.0	-342.89	-339.98	790.04
265125.0	-293.9	-338.04	679.95
265133.0	-201.27	-72.75	773.07
265141.0	-319.12	-422.42	693.05
265149.0	-138.71	-68.38	1024.78
265157.0	-205.63	-354.53	937.48
265164.0	-28.13	-614.96	436.0
265172.0	-179.93	-578.1	1927.82
265180.0	-201.75	-619.81	281.78
265188.0	8.73	-681.89	356.47
265196.0	-56.26	-444.73	1300.74
265204.0	205.15	-384.59	915.17
265212.0	184.3	-565.01	697.9
265220.0	142.1	-599.93	898.68
265228.0	129.49	-652.31	660.07
265236.0	356.47	-826.9	999.07
265244.0	655.22	-142.1	1100.44
265251.0	91.66	-405.93	1041.75
265259.0	56.26	-386.05	1060.18
265267.0	243.46	-807.5	685.77
265275.0	254.13	-589.26	1118.87
265283.0	268.68	-507.3	787.62
265291.0	541.25	-610.11	727.0
265299.0	653.76	-425.33	731.36
265307.0	755.61	-587.32	1073.76
265314.0	879.77	-71.78	1399.67
265323.0	836.6	-415.63	1207.62
265330.0	806.53	-168.78	1001.98
265338.0	899.65	-331.25	875.4
265346.0	753.19	-993.25	823.99
265354.0	692.56	-522.82	775.01
265362.0	625.63	-546.1	1095.1
265370.0	593.62	-654.73	1041.75
265378.0	517.97	-1299.77	1209.56
265385.0	477.71	-441.34	316.21
265393.0	415.63	234.25	1914.24
265401.0	789.56	549.01	1520.44
265409.0	343.86	121.25	2183.41
265417.0	113.49	424.36	1225.08
265425.0	-395.26	-244.43	826.9
265433.0	-53.35	967.55	1732.37
265441.0	-583.44	-223.09	2839.6
265450.0	-333.67	-268.2	3679.11
265457.0	-323.49	-274.02	4368.28
265464.0	-514.09	816.23	1863.81
265472.0	-543.19	1291.52	1200.34
265481.0	-201.75	1748.86	3841.58
265488.0	-98.94	4454.61	3633.04
265496.0	565.01	375.38	2867.73
265504.0	419.03	466.07	4642.78
265512.0	55.29	198.36	1574.75
265520.0	-231.34	572.28	-2586.44
265527.0	-129.98	1080.55	709.05
265535.0	119.31	746.88	3798.42
265543.0	421.94	393.32	965.12
265551.0	143.07	-2.91	-994.22
265559.0	-184.3	-39.28	989.86
265567.0	-77.6	50.44	1919.09
265575.0	468.98	368.11	1430.23
265583.0	527.18	655.22	2427.85
265591.0	187.21	629.03	1228.47
265599.0	82.93	587.32	-745.91
265607.0	226.97	407.39	1206.65
265614.0	346.28	192.05	3432.25
265622.0	351.13	445.22	1137.78
265630.0	224.06	664.92	-1150.87
265638.0	36.37	559.19	653.76
265647.0	172.17	229.4	1618.4
265654.0	440.37	3.39	741.55
265662.0	410.78	51.89	364.23
265670.0	156.17	266.74	159.08
265677.0	187.21	240.07	-580.04
265685.0	386.53	160.05	364.71
265693.0	394.78	-137.74	1909.88
265702.0	286.14	-228.91	372.47
265709.0	249.77	-254.13	-976.76
265717.0	238.13	-272.56	735.24
265725.0	261.41	-498.08	2391.47
265734.0	370.05	-719.24	1250.78
265741.0	19.88	-1488.91	1590.76
265749.0	262.86	-1292.01	1624.22
265757.0	202.24	-796.83	2125.7
265764.0	137.74	-1035.93	710.02
265772.0	64.5	-1500.55	967.55
265780.0	-212.91	-1393.37	958.82
265788.0	-94.57	-1249.33	-60.62
265796.0	-317.18	-1241.08	1642.65
265804.0	-410.3	-1205.19	791.5
265813.0	-64.99	-1861.87	-3796.48
265820.0	66.44	-2308.05	637.27
265828.0	-1170.27	-1043.69	3859.53
265835.0	-1409.86	-4975.0	-9428.64
265843.0	-866.19	-4343.55	14397.82
265851.0	382.65	-1728.49	12685.33
265859.0	-511.18	-3747.5	4520.08
265867.0	-1535.47	-3120.41	158.59
265875.0	-1277.94	-3249.41	-3106.83
265883.0	375.87	-3200.43	4006.48
265890.0	-1209.56	-2965.21	603.81
265899.0	-765.31	-2393.9	3384.24
265906.0	-347.25	-1314.8	1276.49
265914.0	343.86	-1516.56	876.37
265923.0	570.35	-754.64	1095.59
265930.0	962.7	-1178.03	534.46
265938.0	755.61	-688.68	1535.95
265946.0	825.45	-760.95	1299.77
265954.0	115.91	-448.61	784.71
265962.0	218.24	-58.68	753.19
265970.0	-2.91	-420.97	443.28
265977.0	90.21	-86.33	1490.85
265985.0	-333.67	-72.75	1373.48
265993.0	-53.83	166.84	1594.64
266001.0	-286.14	-217.76	1167.36
266009.0	-229.88	-141.62	1220.71
266017.0	-347.25	-211.45	1295.89
266025.0	-104.76	-185.27	781.8
266033.0	-78.57	64.02	1080.55
266040.0	-158.59	-565.5	754.16
266048.0	-33.95	79.05	796.83
266056.0	-177.51	-412.72	832.72
266064.0	-211.94	-192.54	1010.71
266072.0	-50.44	-145.98	919.05
266080.0	-95.54	-217.76	1391.91
266088.0	-85.84	-222.12	746.88
266097.0	-59.65	158.59	1593.18
266104.0	-110.09	-273.05	878.31
266111.0	-163.93	-92.15	562.59
266119.0	-161.99	-280.81	1117.9
266127.0	-3.39	-15.52	827.87
266135.0	-89.72	-182.36	1243.02
266143.0	-145.98	131.92	1333.23
266151.0	-112.03	-33.46	1201.31
266159.0	-96.51	66.44	782.28
266167.0	-120.28	-57.71	765.79
266174.0	-69.35	-196.9	799.74
266183.0	-32.49	28.13	521.36
266191.0	25.7	72.26	1202.28
266198.0	-16.0	-193.99	1240.11
266206.0	24.73	-710.99	849.21
266214.0	66.44	58.68	961.24
266222.0	83.9	-342.4	813.81
266230.0	-76.63	-599.93	911.78
266238.0	-46.56	-54.32	840.97
266246.0	-64.99	-200.3	902.56
266254.0	-66.93	-612.54	817.69
266262.0	70.32	-670.74	1020.9
266269.0	-51.41	-206.12	589.26
266278.0	-127.07	-422.91	1088.8
266285.0	-44.13	-461.71	573.74
266293.0	-116.88	-693.05	952.52
266301.0	84.39	-410.78	531.06
266309.0	10.18	-328.34	1207.13
266317.0	51.41	-242.98	835.15
266325.0	82.93	-1094.13	1466.12
266332.0	-14.06	-580.53	419.03
266340.0	-84.39	-379.75	1404.52
266348.0	220.67	-494.2	1278.91
266356.0	121.25	-492.75	953.97
266365.0	255.59	-280.32	827.39
266372.0	316.21	-715.36	718.75
266380.0	337.07	-780.83	1493.76
266388.0	148.89	-188.66	891.89
266396.0	290.02	-570.83	1584.94
266403.0	253.65	-764.34	916.14
266411.0	479.17	-738.15	1045.15
266419.0	492.26	-421.94	739.12
266427.0	579.56	-135.8	983.07
266435.0	432.12	-452.98	1348.26
266443.0	595.08	-514.09	838.06
266451.0	931.18	-583.44	-12.61
266459.0	780.34	-809.93	200.78
266467.0	787.13	-795.38	1599.0
266474.0	1013.62	-59.17	1455.45
266483.0	1234.78	-880.25	816.23
266490.0	1127.6	-528.64	1095.1
266498.0	1380.27	-612.54	686.74
266506.0	1581.54	-1092.68	714.87
266514.0	1652.35	-1094.13	762.89
266522.0	1550.99	-323.49	140.16
266530.0	1517.53	-137.74	921.96
266538.0	1457.87	-107.67	1014.11
266546.0	1068.91	-719.24	602.35
266553.0	775.49	-335.13	876.37
266561.0	257.53	-176.54	1132.93
266569.0	140.16	-300.69	2892.95
266577.0	-194.48	-683.35	4526.39
266585.0	-502.45	-324.46	1901.15
266593.0	-1216.35	621.75	2043.74
266601.0	-1431.68	1107.23	3129.62
266609.0	-1887.09	872.98	2989.95
266617.0	-2775.58	-693.05	5569.59
266625.0	-1952.07	-844.36	3490.45
266632.0	-1131.48	2958.91	3889.11
266640.0	-1507.34	2199.9	6165.64
266648.0	-791.98	1761.47	2958.91
266656.0	-1392.88	2018.52	1949.16
266664.0	-1248.36	1553.41	-2372.56
266672.0	-1703.76	180.9	-952.03
266680.0	-730.39	-217.76	-17.46
266688.0	-517.0	102.33	3343.99
266696.0	-231.34	1156.69	1081.52
266703.0	-276.44	1206.65	-1403.07
266711.0	-389.44	772.58	1760.02
266719.0	86.33	156.17	2814.38
266727.0	355.98	-57.71	3214.5
266735.0	500.51	446.19	415.15
266743.0	4.85	916.63	1369.6
266751.0	121.73	829.81	807.5
266758.0	371.99	678.98	1912.79
266766.0	565.5	139.19	2376.92
266774.0	416.6	-3.39	186.24
266783.0	282.75	34.43	-781.8
266790.0	423.88	216.3	-145.01
266798.0	504.39	482.56	2282.35
266806.0	743.49	126.1	214.85
266814.0	523.3	-173.63	-816.72
266823.0	403.02	-268.2	-630.97
266830.0	422.91	41.22	507.3
266838.0	668.8	-33.95	1251.27
266845.0	636.3	-196.9	1063.58
266853.0	491.78	-327.37	811.38
266861.0	459.28	-419.03	-0.48
266870.0	484.02	-644.06	1621.31
266877.0	447.64	-787.62	2266.83
266885.0	290.02	-902.08	1087.34
266894.0	146.47	-951.55	-170.72
266901.0	13.09	-1019.93	530.58
266909.0	3.88	-1223.14	1788.15
266916.0	36.86	-1340.5	1221.68
266924.0	-94.57	-1467.57	853.09
266932.0	-320.58	-1547.59	436.0
266940.0	-380.72	-1728.98	569.86
266948.0	-420.48	-1103.83	843.88
266956.0	-170.23	-1723.64	1453.02
266965.0	-644.55	-2963.27	436.0
266972.0	-631.94	-1432.65	-2531.63
266980.0	-3178.61	-2936.11	413.21
266987.0	307.97	-3627.22	-2547.15
266995.0	2794.01	-2639.3	4763.54
267003.0	-115.91	-4529.3	-1554.38
267011.0	-2083.99	-1678.06	-1420.04
267019.0	-262.38	-3182.0	3669.9
267027.0	-1537.41	-3241.66	1502.98
267035.0	-842.42	-1890.48	1191.13
267043.0	-100.88	-1308.01	837.57
267050.0	751.25	-1360.39	1159.12
267058.0	908.38	-882.68	1692.12
267066.0	827.87	-916.63	735.73
267074.0	628.54	-918.57	1246.42
267082.0	335.61	-1298.8	1644.11
267090.0	234.73	-859.4	1117.41
267098.0	316.21	-416.6	759.49
267107.0	58.68	-389.44	1229.44
267114.0	-19.4	345.8	1429.74
267122.0	-52.38	-205.63	628.06
267129.0	-31.04	67.41	813.81
267137.0	-293.42	-135.8	815.75
267145.0	-220.67	-67.41	1184.82
267153.0	-371.99	256.07	1191.61
267161.0	-267.23	-190.6	1022.35
267169.0	-324.46	-40.74	1131.48
267177.0	-354.04	39.28	1229.93
267185.0	-193.51	-39.77	702.75
267193.0	-457.34	-239.1	1171.73
267201.0	-427.27	96.51	1001.98
267209.0	-279.35	-265.77	912.75
267217.0	-412.24	-262.86	1130.02
267224.0	-284.2	-391.87	663.46
267232.0	-299.72	-264.8	1092.68
267240.0	-421.94	89.72	1392.4
267248.0	-310.39	-384.11	1252.72
267256.0	-198.36	-637.27	792.47
267263.0	6.3	-210.97	841.45
267272.0	-27.16	-54.32	744.46
267279.0	177.02	88.27	1215.38
267287.0	113.49	-333.19	980.64
267295.0	199.33	-638.73	1203.25
267303.0	255.1	-484.99	660.07
267311.0	229.4	-606.72	-589.26
267319.0	359.38	-358.89	589.74
267327.0	261.89	-226.49	1284.73
267334.0	350.16	-415.15	1324.99
267343.0	194.48	-649.4	821.08
267350.0	178.96	-255.59	1033.99
267358.0	264.8	-48.98	1141.18
267366.0	190.12	-129.01	823.99
267374.0	139.19	-358.41	692.56
267382.0	98.45	-357.44	1207.62
267390.0	119.31	-280.81	904.99
267398.0	68.87	-318.15	755.13
267406.0	23.28	-354.53	1105.29
267414.0	-35.89	-48.01	693.53
267421.0	-0.97	-107.67	1207.62
267429.0	-80.02	-360.35	667.34
267437.0	-40.25	-281.29	1177.06
267445.0	16.49	-210.97	586.83
267453.0	-81.96	-545.13	833.21
267461.0	-86.81	-583.92	64.99
267470.0	67.9	-312.33	1142.63
267477.0	-0.48	-258.5	605.26
267485.0	86.81	-527.67	1431.2
267493.0	164.9	-389.44	955.42
267500.0	101.85	-1030.11	183.33
267508.0	101.36	-586.35	879.77
267516.0	214.85	-264.32	512.15
267524.0	188.18	-480.14	981.13
267532.0	61.59	-565.5	1189.67
267540.0	115.91	-576.16	828.84
267548.0	172.66	-310.39	1141.66
267556.0	181.39	-592.65	362.29
267563.0	86.33	-404.96	823.51
267571.0	191.08	-253.65	758.04
267579.0	336.58	-251.22	924.39
267587.0	307.48	-505.84	293.42
267595.0	390.9	-572.28	1346.32
267603.0	527.18	-224.55	1175.12
267611.0	462.68	-823.51	436.49
267619.0	699.84	-579.07	852.61
267627.0	691.59	-379.26	1067.94
267634.0	799.26	-802.17	388.47
267642.0	1103.83	-491.78	687.23
267650.0	997.62	-705.17	954.94
267658.0	1062.12	-36.86	944.27
267666.0	788.1	-207.57	1224.11
267674.0	727.0	-490.81	1072.79
267682.0	600.9	-1701.34	457.83
267690.0	559.19	-520.88	1065.52
267698.0	347.25	735.24	1338.56
267705.0	317.67	394.78	1632.47
267714.0	189.15	-567.92	2490.89
267722.0	37.34	-145.98	2099.02
267729.0	-321.55	252.68	2024.34
267737.0	-539.79	492.75	830.78
267745.0	-1306.07	1096.56	1962.26
267753.0	-1462.72	84.39	4502.62
267762.0	-1074.25	-632.42	4184.47
267768.0	-1111.11	1055.33	3664.08
267777.0	-563.07	2437.06	4160.22
267784.0	-208.54	2732.42	4717.47
267792.0	158.11	851.15	5172.39
267800.0	-24.73	1176.09	2421.06
267808.0	-683.83	482.56	-977.25
267816.0	-919.54	698.87	-2300.29
267824.0	-620.78	802.65	1086.37
267832.0	40.25	662.49	2477.31
267840.0	153.26	513.6	967.06
267848.0	-50.44	383.62	-708.57
267855.0	-230.37	123.67	95.54
267863.0	201.75	83.42	2203.78
267871.0	670.25	206.12	2943.39
267879.0	646.0	458.8	1880.3
267888.0	243.46	596.53	-342.4
267895.0	100.39	610.6	5.82
267903.0	370.05	347.25	2208.63
267911.0	509.72	47.04	2708.17
267919.0	448.61	-34.43	381.68
267927.0	149.38	365.2	-1021.38
267934.0	63.05	322.52	145.01
267942.0	280.81	329.31	1412.77
267950.0	452.01	170.23	1202.28
267959.0	280.81	-2.42	-167.81
267966.0	44.62	51.89	-1011.2
267974.0	92.63	307.48	-69.35
267982.0	293.9	337.07	1640.23
267990.0	399.14	137.74	1671.27
267997.0	271.59	71.78	49.47
268006.0	177.51	43.65	-258.5
268013.0	243.46	-28.13	1326.44
268021.0	406.42	-216.79	2336.67
268029.0	439.4	-417.09	1507.34
268037.0	296.81	-535.91	371.5
268046.0	146.95	-606.23	474.32
268053.0	195.93	-695.96	1326.44
268060.0	264.32	-855.03	1821.61
268069.0	153.74	-927.3	1095.1
268077.0	-2.91	-956.39	-7.76
268084.0	10.67	-1011.2	222.12
268092.0	103.3	-1150.39	1504.43
268101.0	138.71	-1323.53	1877.87
268108.0	52.86	-1361.84	894.8
268116.0	-81.48	-1424.41	282.26
268124.0	-155.68	-1464.18	797.32
268132.0	-90.69	-773.55	699.84
268140.0	100.39	-1962.26	1765.84
268148.0	-177.02	-2460.34	653.76
268156.0	-922.93	1286.67	-736.21
268163.0	-409.33	48.98	-2983.64
268171.0	-289.05	-327.37	4220.84
268179.0	41.71	-3795.51	5184.03
268187.0	-244.43	-1464.66	3102.46
268195.0	-342.89	-2482.16	1661.08
268203.0	-2587.89	-2988.49	1871.08
268211.0	-996.16	-2882.28	2591.77
268218.0	-802.17	-1393.85	795.38
268226.0	386.53	-2256.65	490.32
268234.0	733.3	-1717.82	1061.15
268243.0	1143.11	-1627.62	-1142.63
268250.0	874.92	-1422.95	30.55
268258.0	841.45	-339.49	1312.38
268266.0	656.67	-1329.84	1860.41
268274.0	510.21	-277.41	1580.09
268282.0	302.15	-342.4	890.44
268289.0	148.89	-335.61	1089.28
268297.0	266.26	-180.9	934.09
268305.0	221.15	-121.25	1316.26
268313.0	126.58	-396.23	454.43
268321.0	-104.27	333.67	1752.74
268329.0	-147.44	335.61	1866.72
268337.0	-315.24	-60.62	1258.06
268345.0	-138.22	-297.3	101.85
268353.0	-226.49	-289.05	747.37
268360.0	-85.84	368.11	1120.81
268368.0	-393.32	-650.85	2176.14
268376.0	-214.36	-184.78	953.48
268384.0	-107.18	-391.38	1127.11
268392.0	-129.49	-424.36	410.3
268400.0	-253.65	-381.68	1035.45
268408.0	-158.59	-34.92	1711.52
268416.0	-380.72	-10.18	1443.32
268424.0	-222.12	-88.27	148.41
268431.0	-46.56	-296.33	1820.64
268439.0	-358.41	-389.93	1128.57
268447.0	-355.98	32.98	712.93
268455.0	-85.36	-262.38	796.35
268463.0	-140.65	-440.37	1147.48
268471.0	-193.02	-318.15	772.58
268479.0	-240.55	227.46	880.25
268487.0	-189.63	-495.17	476.74
268495.0	-145.5	-159.56	1072.79
268503.0	-271.11	-381.68	629.51
268511.0	-177.51	-189.63	583.44
268519.0	-256.56	-351.62	1033.51
268526.0	-147.92	-370.53	855.03
268534.0	-147.44	-64.02	1092.19
268542.0	-277.41	-387.02	635.82
268550.0	-272.08	-468.5	929.24
268558.0	-284.2	-489.84	1017.99
268566.0	-257.04	-85.36	884.62
268574.0	-336.58	-91.18	984.52
268581.0	-304.09	-323.49	831.27
268590.0	-295.36	-319.12	1038.36
268597.0	-131.92	-469.95	725.06
268605.0	-163.44	12.12	1045.15
268613.0	0.0	-129.01	561.62
268621.0	44.62	-186.72	411.27
268629.0	-73.72	-350.65	936.03
268637.0	-104.76	-161.5	1026.23
268644.0	-113.97	-500.02	1060.18
268652.0	-121.25	-165.87	1221.2
268661.0	-127.55	-300.69	1067.46
268668.0	80.51	-497.11	731.36
268676.0	183.33	-310.88	817.69
268684.0	161.99	-18.91	862.31
268692.0	80.99	-222.12	1066.49
268700.0	44.13	-223.09	1475.33
268708.0	151.8	-657.16	1207.62
268716.0	265.77	-612.05	281.78
268724.0	469.95	-88.75	-46.07
268731.0	581.5	-622.72	1622.77
268739.0	249.28	-603.81	597.99
268747.0	230.85	-498.57	1076.67
268755.0	197.39	-82.45	863.76
268764.0	756.1	-528.15	1260.0
268771.0	463.16	-889.47	615.93
268779.0	693.05	-812.35	978.7
268787.0	773.07	-383.14	985.01
268794.0	891.41	-801.68	799.74
268802.0	1014.11	-650.37	775.49
268810.0	1208.59	-604.78	683.83
268818.0	1322.56	-612.05	1367.18
268826.0	1384.64	-401.08	603.81
268834.0	1499.1	-785.19	668.8
268842.0	1572.33	-933.12	94.57
268850.0	1131.96	-499.05	1222.17
268857.0	893.83	-33.95	1218.29
268865.0	766.76	-800.71	1494.25
268873.0	706.63	-402.54	875.4
268881.0	664.43	-526.21	1045.15
268889.0	100.88	121.25	559.19
268897.0	-344.34	142.59	898.2
268905.0	-576.16	192.54	976.28
268913.0	-647.94	1102.38	2693.62
268921.0	-533.97	797.32	5384.33
268929.0	-967.06	-936.51	3960.89
268937.0	-1645.08	-1616.95	3940.52
268944.0	-865.22	1738.68	5009.43
268953.0	-463.16	4074.86	7046.38
268960.0	-59.65	-315.24	6507.07
268968.0	-324.46	1191.61	3177.15
268976.0	-832.72	790.04	-1582.51
268984.0	-972.88	1605.79	-2323.57
268992.0	-644.55	280.81	1463.69
269000.0	61.59	-149.86	2171.29
269007.0	34.43	314.27	392.35
269015.0	-145.5	406.9	-1365.24
269023.0	-445.7	586.35	740.09
269031.0	-41.22	534.46	2468.59
269039.0	269.65	569.38	3505.97
269047.0	175.57	825.93	1951.59
269055.0	-206.12	682.38	-194.48
269063.0	-361.32	482.56	194.96
269072.0	-168.29	676.56	2391.47
269079.0	-99.91	436.49	2722.72
269086.0	-209.03	409.33	-490.81
269094.0	-484.02	284.69	-1287.16
269102.0	-350.16	576.16	847.27
269111.0	9.7	543.67	3040.39
269118.0	233.28	521.85	2666.46
269126.0	192.54	438.91	-478.2
269134.0	71.29	434.55	124.64
269142.0	116.88	502.45	930.21
269150.0	413.69	398.17	1463.69
269158.0	406.9	220.67	1105.29
269165.0	323.0	205.63	-333.19
269173.0	257.53	232.79	-459.28
269182.0	501.96	23.76	406.9
269189.0	584.41	-315.24	2373.04
269197.0	580.53	-417.57	852.12
269206.0	414.18	-536.4	-597.5
269213.0	287.6	-670.25	145.01
269221.0	372.47	-842.91	1544.2
269228.0	407.39	-1094.13	1610.64
269237.0	355.98	-1296.86	308.94
269244.0	34.43	-1409.86	370.05
269252.0	-17.94	-1426.83	316.21
269260.0	28.13	-1590.27	1381.24
269268.0	-15.52	-977.25	-1126.14
269277.0	-275.47	-1371.06	4709.23
269284.0	-387.02	-2119.39	1108.2
269292.0	-419.03	-842.91	-1561.66
269299.0	-694.02	-1766.32	-2868.21
269307.0	-1068.43	-1875.45	-85.36
269315.0	-1160.09	-4274.68	-6560.42
269323.0	-718.75	-1712.49	3795.03
269331.0	-454.43	-1715.89	4429.87
269339.0	847.27	-3285.79	4077.77
269347.0	-163.93	-2866.76	20.85
269355.0	-1050.97	-1519.95	-2047.13
269363.0	-2683.92	-2605.84	1348.75
269371.0	-997.13	-3136.9	2437.55
269378.0	-749.79	-2632.03	331.73
269387.0	-45.59	-1439.93	596.05
269395.0	391.87	-1672.72	503.42
269402.0	993.25	-2020.46	471.41
269410.0	659.1	-1806.09	673.16
269418.0	524.76	-2278.96	1701.34
269426.0	353.56	-710.99	1136.81
269434.0	574.71	-947.67	1049.51
269446.0	479.65	-571.32	1175.61
269451.0	351.62	-461.71	595.08
269458.0	229.4	-720.69	488.38
269465.0	137.74	-220.67	1117.9
269473.0	12.61	-5.82	713.9
269481.0	84.39	115.43	567.92
269489.0	36.37	12.61	1464.66
269497.0	-189.63	-16.0	826.42
269505.0	-133.86	33.46	1672.24
269513.0	-156.17	-230.37	1285.7
269521.0	-157.62	-388.96	1151.84
269528.0	-58.2	-162.96	1240.11
269536.0	-119.79	-274.02	1486.0
269544.0	42.19	-205.63	-323.0
269552.0	-131.92	132.4	680.44
269560.0	-185.75	-65.47	1663.51
269568.0	-152.77	-71.29	996.16
269576.0	28.13	-223.09	630.97
269584.0	-6.3	-791.98	691.11
269591.0	-174.11	-612.54	1304.13
269600.0	-64.99	320.58	1155.72
269607.0	-66.44	-108.15	1471.94
269615.0	-146.95	-61.11	703.72
269623.0	-115.91	-436.0	767.25
269631.0	-253.65	-265.29	1164.94
269639.0	-342.89	-327.37	1034.48
269647.0	-303.6	-221.15	1031.57
269655.0	-388.96	-324.94	867.16
269663.0	-349.19	-916.14	1288.61
269670.0	-342.89	-406.9	554.83
269678.0	-373.44	-403.02	1001.98
269687.0	-295.36	-509.72	794.41
269694.0	-180.42	-477.23	1152.81
269702.0	-239.1	-613.51	817.69
269710.0	-191.08	-427.27	846.3
269718.0	-336.58	-577.13	1125.17
269726.0	-235.7	-476.26	533.97
269733.0	-277.41	-633.88	1111.59
269741.0	-264.32	-251.71	862.31
269749.0	-131.92	-392.84	994.22
269757.0	-57.23	-364.71	689.17
269765.0	38.31	-417.57	672.68
269773.0	-43.65	-178.48	718.27
269781.0	158.59	-675.1	1490.85
269789.0	184.78	-516.03	899.17
269798.0	158.59	-609.63	894.8
269804.0	257.04	-511.18	927.78
269812.0	447.64	-645.52	1178.03
269820.0	409.81	-633.88	1288.61
269828.0	343.86	-440.37	1059.21
269836.0	368.59	-771.61	811.38
269844.0	401.08	-420.0	948.15
269852.0	473.35	-263.83	1260.0
269860.0	497.11	-1020.41	858.91
269868.0	432.12	-143.56	883.65
269876.0	576.16	-1055.33	601.38
269883.0	468.5	-583.44	915.17
269891.0	572.28	-658.61	1124.2
269899.0	494.2	-744.46	682.86
269907.0	576.16	-335.61	803.62
269915.0	930.21	-684.32	1196.46
269923.0	1042.72	-579.07	1345.84
269931.0	1068.91	-212.91	865.22
269939.0	1208.1	-326.4	1231.38
269947.0	1673.69	-621.27	1098.5
269954.0	1718.79	-849.21	670.25
269962.0	1544.68	-625.15	759.01
269970.0	1565.05	-993.74	535.43
269978.0	1066.97	-528.15	1262.91
269986.0	924.39	-548.04	739.12
269994.0	813.32	-334.16	1029.63
270002.0	476.26	-243.46	975.79
270010.0	160.05	-408.84	1176.58
270018.0	-86.81	298.27	2444.34
270027.0	-729.91	-166.35	1718.31
270034.0	-601.38	1242.05	3415.77
270041.0	-768.22	1425.38	4510.87
270049.0	-1464.18	84.87	5835.85
270057.0	-1464.66	-1189.67	5842.64
270066.0	-1292.98	125.61	2330.36
270073.0	-1524.32	2234.34	2763.46
270081.0	-777.43	2756.18	5436.22
270089.0	-765.31	1289.58	6401.35
270097.0	-667.83	1647.02	23.28
270104.0	-1369.12	868.13	-2567.04
270112.0	-1464.66	805.08	-1326.44
270120.0	-687.23	308.94	1188.22
270128.0	-62.08	241.52	3213.04
270136.0	42.68	820.11	827.87
270144.0	-451.04	878.8	-1014.11
270152.0	-353.56	529.61	-594.59
270159.0	69.84	61.11	3918.7
270168.0	628.06	108.15	3902.69
270176.0	547.07	487.41	723.6
270183.0	95.06	941.36	-555.8
270191.0	70.32	735.73	897.71
270199.0	469.95	387.99	3117.98
270207.0	768.22	162.47	2132.49
270216.0	435.03	150.35	487.41
270223.0	112.52	336.58	-1428.29
270231.0	166.84	522.82	75.17
270238.0	482.56	243.95	2366.74
270246.0	586.83	-52.38	1712.98
270254.0	349.68	-15.03	-853.58
270263.0	184.3	-90.21	-1615.49
270270.0	247.34	27.16	989.86
270278.0	554.34	36.37	1966.62
270286.0	630.0	-140.16	1009.26
270294.0	395.26	-252.19	-471.89
270303.0	278.38	-251.71	-222.61
270310.0	460.74	-309.91	1472.42
270318.0	622.72	-598.96	2406.99
270325.0	487.9	-772.1	1550.02
270333.0	262.38	-814.29	-441.34
270342.0	194.48	-806.05	112.52
270349.0	268.2	-995.68	1924.91
270357.0	329.79	-1269.21	2185.84
270365.0	191.57	-1342.44	610.6
270374.0	-30.07	-1306.56	-246.86
270381.0	-89.72	-1333.23	768.7
270388.0	34.92	-1518.01	1687.76
270396.0	63.05	-1635.38	1753.23
270404.0	-166.35	-1650.9	468.5
270413.0	-235.22	-980.16	-1829.86
270420.0	200.78	-2155.77	-105.73
270428.0	-957.85	-2205.72	6001.72
270436.0	-94.57	-817.2	-4920.68
270444.0	-2149.95	-2965.7	9892.29
270452.0	-63.53	-2040.34	-2012.7
270459.0	820.6	-1992.81	9031.43
270467.0	2578.68	-6463.43	-4069.04
270475.0	-1189.67	-1444.29	-1837.13
270483.0	-1267.27	-1801.73	-535.91
270491.0	71.29	-2655.31	1569.9
270499.0	-153.26	-2708.65	469.47
270507.0	-773.55	-1953.53	22.79
270516.0	267.71	-3551.56	1106.74
270523.0	372.96	-1599.0	607.2
270531.0	313.3	-1546.14	1666.42
270538.0	716.81	-1524.32	1517.04
270546.0	878.8	-500.51	842.42
270554.0	634.85	-641.15	357.44
270562.0	567.92	-21.82	257.53
270570.0	393.32	352.59	1382.21
270578.0	104.76	36.37	791.01
270586.0	-29.1	-22.31	917.11
270594.0	19.4	-203.69	746.4
270601.0	-208.54	114.46	2034.04
270610.0	-266.26	-210.0	1682.42
270617.0	-371.5	220.18	1283.76
270625.0	-387.5	-270.62	-63.53
270633.0	-115.43	-89.24	1244.96
270641.0	-176.05	128.52	851.15
270649.0	-163.44	-306.03	1419.07
270657.0	-208.06	-7.76	1428.29
270666.0	-276.44	-545.13	588.29
270673.0	-199.33	2.42	1228.47
270680.0	-87.3	-206.12	743.49
270688.0	-197.87	258.5	1276.49
270696.0	-268.2	-232.31	873.46
270704.0	-112.52	-396.72	565.01
270712.0	-210.48	-30.07	626.6
270720.0	-278.87	-217.76	1037.87
270728.0	-261.89	-609.63	1021.38
270736.0	-249.28	-447.16	1092.68
270744.0	-328.82	-270.62	829.33
270753.0	-312.82	-478.2	766.28
270759.0	-177.51	-60.62	783.25
270767.0	-121.25	-179.93	873.46
270775.0	-108.64	-412.24	855.52
270783.0	-66.44	-317.67	979.67
270791.0	42.19	-157.14	777.43
270799.0	71.78	-271.11	834.66
270807.0	61.59	-200.3	1085.89
270815.0	158.59	-220.67	977.25
270823.0	39.77	-329.79	918.57
270830.0	-23.76	-280.32	1074.25
270838.0	42.68	-682.86	1214.41
270846.0	-71.78	-498.57	900.14
270854.0	-163.44	-405.45	885.59
270862.0	35.4	-474.32	748.82
270870.0	6.3	-455.4	487.9
270878.0	-44.13	-96.03	1015.56
270886.0	-102.33	52.86	821.57
270893.0	12.61	-682.86	848.73
270902.0	105.24	-735.73	513.6
270909.0	140.16	-650.85	901.11
270917.0	104.27	-582.47	890.44
270925.0	-30.07	-311.85	699.35
270934.0	-82.93	-494.2	517.0
270941.0	69.35	-431.15	1317.71
270949.0	125.13	-676.07	185.27
270957.0	215.33	-626.6	535.91
270965.0	311.36	-105.73	1227.02
270972.0	44.62	-697.9	886.56
270980.0	109.12	-268.68	695.96
270988.0	-50.92	-361.32	928.27
270996.0	59.17	-226.97	892.86
271004.0	307.0	-575.68	872.01
271012.0	343.86	-579.07	706.14
271020.0	457.83	-848.24	1297.83
271028.0	444.73	-719.24	1047.57
271035.0	431.64	-386.05	918.57
271044.0	379.26	-405.93	920.02
271051.0	547.55	-502.45	756.58
271059.0	756.58	-325.91	718.75
271067.0	1182.88	-781.8	1124.69
271075.0	1093.16	-614.48	1018.96
271083.0	1221.68	-619.33	985.98
271091.0	1082.98	-389.93	784.71
271099.0	993.25	-910.32	822.05
271107.0	645.52	-638.24	962.7
271115.0	594.11	-704.69	1285.7
271123.0	565.5	-583.44	1391.43
271130.0	387.02	-1041.75	1304.62
271138.0	464.13	-635.33	1292.49
271146.0	448.13	-656.67	1675.15
271154.0	-342.4	-434.06	1777.96
271162.0	-364.71	-110.58	1514.62
271170.0	-194.96	1017.99	759.01
271178.0	-340.95	1126.63	2083.99
271185.0	-678.98	1490.85	2518.05
271193.0	-707.6	1320.62	5198.09
271202.0	-395.26	-887.53	5268.42
271209.0	-225.52	51.89	3693.18
271217.0	-234.73	2289.14	4156.83
271225.0	308.45	1067.94	5489.09
271233.0	90.21	502.45	5330.01
271241.0	-190.6	1008.77	532.03
271249.0	-838.54	862.31	-2375.95
271257.0	-809.44	1135.36	-384.59
271264.0	-176.05	556.77	1612.1
271272.0	318.64	114.46	2053.44
271280.0	101.85	239.58	56.74
271288.0	-368.11	441.82	-982.1
271296.0	-317.67	345.8	-4.85
271304.0	58.68	181.39	2855.6
271313.0	350.16	178.96	3114.59
271320.0	133.86	477.23	307.0
271327.0	-119.79	485.96	-647.46
271335.0	-130.46	440.85	1333.23
271343.0	237.64	280.81	3270.27
271351.0	445.7	294.39	2016.09
271359.0	201.27	278.38	81.96
271367.0	-91.66	342.4	-587.32
271375.0	48.01	490.32	446.67
271383.0	321.55	554.34	1779.9
271391.0	314.27	407.87	978.7
271400.0	148.41	439.88	-984.04
271407.0	97.97	619.81	-1111.59
271414.0	334.64	628.06	1265.82
271422.0	582.47	522.82	2550.55
271430.0	662.01	468.98	1170.27
271439.0	488.38	473.83	-169.26
271446.0	422.91	422.91	335.13
271454.0	554.34	279.35	1720.73
271462.0	655.7	30.55	1858.47
271471.0	554.83	-185.27	715.84
271478.0	364.23	-242.49	-352.1
271485.0	400.11	-333.67	306.51
271494.0	500.99	-608.17	1901.15
271501.0	529.12	-913.23	1972.44
271509.0	362.29	-1080.07	732.82
271517.0	346.28	-64.02	-510.21
271526.0	66.44	-704.69	3894.93
271533.0	109.12	-1374.45	1200.83
271541.0	-809.44	-993.25	2002.03
271548.0	-418.54	-1018.47	242.98
271556.0	-355.01	-1621.31	608.66
271565.0	-589.74	-2257.62	-594.11
271572.0	-560.65	-2518.54	630.97
271580.0	-1163.97	-2370.62	-1865.75
271588.0	-524.27	-2742.6	1688.24
271596.0	-2316.78	-4774.21	15891.58
271604.0	1928.31	-3270.75	-1255.63
271612.0	90.69	-1730.92	3219.83
271619.0	-630.0	-863.28	-2432.7
271627.0	-162.47	-3473.48	-1019.93
271635.0	76.14	-2916.23	2641.24
271643.0	-1577.18	-2751.33	-442.79
271651.0	-2519.99	-3266.39	2461.31
271659.0	-840.48	-2961.33	2366.25
271667.0	445.22	-1268.73	953.97
271676.0	768.7	-1544.68	1049.51
271683.0	722.15	-632.42	1445.75
271690.0	657.16	-726.03	1293.95
271699.0	597.5	-777.92	1325.96
271706.0	464.13	-623.69	1488.91
271714.0	357.92	17.94	404.96
271722.0	84.39	-110.58	1415.19
271730.0	12.12	-96.03	995.19
271738.0	-186.24	-277.41	657.64
271746.0	-208.06	-180.9	818.17
271754.0	-161.99	-21.34	822.54
271761.0	-242.98	5.82	1852.65
271769.0	-332.22	-186.24	1016.05
271777.0	-280.32	14.55	1793.97
271785.0	-239.58	187.21	798.29
271794.0	-290.02	314.27	1947.22
271801.0	-302.63	158.59	1111.59
271809.0	-142.1	-76.14	1532.07
271817.0	-80.02	30.55	835.63
271825.0	-193.02	14.55	822.05
271833.0	-43.16	-13.09	1666.9
271840.0	-109.12	119.79	1361.84
271848.0	-44.62	-71.78	937.0
271856.0	-234.25	242.49	1065.52
271864.0	-97.0	-270.14	1256.6
271872.0	-204.66	-247.83	1087.83
271880.0	-35.89	-72.75	597.5
271888.0	-308.94	-388.96	631.94
271896.0	-229.88	-165.38	982.1
271904.0	-32.98	-116.4	1184.34
271912.0	-47.53	-403.02	656.67
271920.0	-52.38	-519.91	1190.64
271927.0	22.31	-289.54	1082.01
271935.0	100.39	-240.55	938.94
271943.0	92.15	-44.13	775.98
271951.0	69.35	-441.82	1416.16
271960.0	135.31	-315.73	778.89
271967.0	135.8	-515.06	1027.2
271975.0	180.42	-382.17	1208.1
271983.0	72.26	-524.76	1164.94
271990.0	91.18	-302.15	949.12
271998.0	27.16	-149.86	809.93
