Time	Yaw	Pitch	Roll
195002.0	-77.11	-204.66	965.12
195058.0	-21.34	-251.71	840.48
195113.0	-284.69	-529.61	1175.61
195168.0	-392.35	-331.73	857.94
195224.0	-48.5	-670.25	697.9
195279.0	428.24	-464.62	856.49
195334.0	1073.28	-545.61	996.16
195389.0	1601.91	-1166.88	1320.14
195445.0	-1437.99	310.88	3492.39
195500.0	-1150.39	1111.59	909.35
195555.0	2.42	286.63	2501.56
195610.0	321.55	423.88	694.02
195666.0	746.4	111.55	112.52
195722.0	785.19	-225.03	342.4
195776.0	225.03	-1958.38	1005.38
195831.0	-687.23	-1546.62	1543.71
195886.0	-1376.39	-2215.91	1206.16
195942.0	488.87	-339.98	1363.3
195997.0	-22.79	-188.18	999.56
196052.0	-342.89	-315.73	1106.26
196107.0	-297.78	-437.46	835.15
196163.0	-128.04	-378.78	810.41
196218.0	29.58	-217.27	900.14
196273.0	493.72	-497.6	689.17
196328.0	284.2	-405.93	1090.74
196384.0	867.64	-856.49	889.95
196439.0	277.41	-129.49	1260.97
196495.0	-1099.47	280.32	2716.41
196549.0	-373.93	900.62	3012.74
196605.0	476.74	392.84	1463.69
196660.0	266.74	291.48	286.14
196715.0	573.25	-108.64	899.17
196770.0	522.82	-693.53	443.28
196826.0	-53.83	-1227.99	1401.61
196881.0	-710.02	-2258.1	423.88
196936.0	-832.24	-2029.67	1026.72
196991.0	651.34	-358.89	1211.01
197047.0	-47.04	-64.02	691.59
197102.0	-328.82	91.18	899.17
197157.0	-456.37	-579.56	1111.59
197212.0	-368.11	-427.76	829.81
197267.0	-303.12	-173.63	843.39
197323.0	-40.25	-529.12	827.39
197378.0	354.04	-316.21	943.3
197434.0	504.39	-512.63	895.77
197488.0	1011.68	-431.15	1098.5
197544.0	877.34	-166.84	987.43
197599.0	-709.05	200.3	3941.98
197654.0	-582.47	801.68	2203.78
197709.0	139.68	535.43	1610.16
197765.0	293.42	449.58	384.11
197820.0	609.63	7.76	328.82
197875.0	413.21	-756.58	568.89
197930.0	-559.68	-1327.9	1283.76
197985.0	-1240.6	-2519.02	-2032.58
198041.0	650.85	-1691.15	897.23
198096.0	66.44	-110.09	778.89
198151.0	-187.69	-64.5	928.27
198207.0	-426.79	-175.57	843.88
198262.0	-666.86	-77.11	775.01
198317.0	-408.84	-243.46	947.67
198372.0	32.49	-503.42	880.25
198427.0	453.46	-585.86	1163.0
198483.0	781.8	-313.3	1042.24
198538.0	666.86	-559.68	1107.71
198593.0	1652.35	-638.24	1100.44
198648.0	-6.3	-528.64	2236.76
198704.0	-1758.08	1894.85	4624.84
198759.0	-902.56	966.09	833.69
198814.0	271.11	195.45	615.93
198869.0	655.7	337.07	1015.56
198925.0	764.34	-226.97	287.11
198981.0	260.92	-722.15	1958.38
199036.0	-413.69	-1237.69	1324.02
199090.0	149.86	-2635.42	-46.07
199146.0	802.65	-1063.58	1004.41
199201.0	285.66	-221.15	933.6
199257.0	-183.81	-145.5	751.73
199311.0	-290.51	-147.44	969.49
199366.0	-540.76	-92.15	871.52
199422.0	-415.15	-255.59	690.14
199477.0	23.76	-479.17	1047.09
199532.0	410.3	-471.41	775.98
199588.0	443.76	-689.65	826.42
199643.0	695.47	-566.47	999.56
199699.0	1354.57	-597.99	666.86
199753.0	85.36	-241.04	1551.47
199809.0	-1688.24	542.22	3480.75
199864.0	-372.96	580.53	1031.08
199919.0	156.17	565.01	968.52
199974.0	711.96	251.22	183.81
200031.0	551.43	-98.94	377.32
200085.0	249.28	-1034.48	1567.48
200141.0	-442.31	-1831.8	660.55
200195.0	-588.29	-2610.69	1486.49
200250.0	368.59	-1461.27	938.45
200306.0	406.42	141.13	1198.4
200361.0	-172.66	-220.18	979.19
200416.0	-194.48	-427.76	957.36
200471.0	-122.22	-273.05	880.74
200527.0	-230.85	-210.97	850.18
200582.0	-405.45	-474.32	950.58
200637.0	-46.56	-542.7	924.39
200693.0	253.16	-421.94	1205.68
200748.0	399.63	-670.74	1034.96
200804.0	467.53	-727.0	920.99
200858.0	1255.63	-639.21	752.7
200913.0	-704.2	-201.27	2149.46
200969.0	-1323.05	1609.19	3778.54
201024.0	-140.16	759.01	145.5
201079.0	365.68	585.38	1800.27
201134.0	361.8	205.63	63.53
201189.0	629.51	-140.65	1501.52
201245.0	363.74	-1077.64	823.51
201300.0	-231.34	-1585.42	1655.26
201355.0	-470.44	-1730.43	-1211.01
201411.0	579.56	-1707.64	1018.96
201466.0	497.6	-148.41	1158.15
201521.0	12.61	-230.85	960.76
201576.0	-233.28	-524.76	690.62
201631.0	-493.72	-328.82	864.73
201687.0	-518.94	-255.1	826.9
201742.0	-310.88	-245.4	952.03
201797.0	53.83	-459.77	977.25
201852.0	418.06	-371.99	1023.32
201908.0	511.66	-237.64	1118.38
201963.0	839.03	-972.88	846.3
202018.0	1207.62	-442.31	993.74
202073.0	-730.88	-28.61	1928.79
202129.0	-767.73	796.83	3867.77
202184.0	0.97	455.89	928.75
202239.0	549.01	531.55	1924.91
202294.0	316.21	92.15	115.91
202349.0	401.08	-328.82	1291.04
202405.0	64.99	-1137.78	997.62
202460.0	-137.25	-1701.82	882.19
202515.0	-193.02	-972.4	226.97
202570.0	666.37	-2114.06	1380.76
202626.0	359.38	-649.4	290.02
202681.0	-206.12	-26.67	1126.14
202737.0	-342.89	-221.64	1155.24
202791.0	-355.98	-328.82	823.99
202847.0	-449.58	-244.43	1126.14
202902.0	-349.19	-506.33	913.23
202957.0	-83.9	-303.6	824.96
203012.0	229.88	-440.37	670.25
203068.0	351.13	-520.39	843.88
203123.0	420.97	-562.1	918.08
203178.0	1088.31	-754.16	1020.41
203233.0	-169.75	-306.51	994.71
203289.0	-509.24	254.62	3246.99
203344.0	-153.74	772.1	2199.42
203399.0	-101.85	447.16	484.5
203454.0	45.59	441.34	1144.57
203510.0	289.54	451.04	670.74
203565.0	514.57	-206.6	823.99
203620.0	416.12	-1162.51	637.76
203675.0	-810.9	-1996.21	-19.88
203731.0	-640.18	-2286.23	2434.15
203786.0	978.7	-248.8	1001.5
203841.0	199.33	5.82	1427.8
203896.0	-478.68	61.59	1221.68
203951.0	-630.0	-521.36	877.34
204007.0	-263.35	-378.29	654.73
204062.0	97.0	132.89	897.23
204117.0	-42.68	-306.03	1130.99
204172.0	-123.67	-317.18	1067.46
204228.0	-127.07	-678.01	544.64
204283.0	93.12	-478.2	990.83
204338.0	432.12	-478.68	1080.07
204394.0	1186.28	-615.45	1127.11
204449.0	1646.05	-349.19	1234.78
204504.0	-1133.9	-29.58	1860.9
204560.0	-1259.03	1430.71	3273.18
204614.0	-248.31	678.5	1385.61
204670.0	436.97	695.96	1634.41
204725.0	407.87	309.91	396.23
204780.0	436.49	-70.32	379.75
204836.0	165.38	-1195.98	891.89
204890.0	-482.08	-1596.58	846.3
204946.0	-647.94	-1778.45	-850.18
205001.0	354.53	-1199.86	1186.28
205057.0	473.35	-241.04	1290.07
205111.0	-97.48	-35.4	1076.19
205167.0	-313.3	-134.83	1026.72
205222.0	-178.48	-401.57	977.73
205277.0	-268.2	-183.81	926.81
205332.0	-363.26	-197.39	1156.21
205388.0	-24.25	-346.28	861.34
205443.0	250.74	-403.99	827.87
205498.0	255.1	-556.28	1025.26
205554.0	541.73	-685.29	1029.63
205609.0	1132.45	-654.25	999.56
205664.0	-36.86	-37.83	1478.24
205719.0	-1216.35	259.95	3301.31
205774.0	-296.33	673.65	368.59
205830.0	68.87	534.46	920.51
205885.0	304.57	298.75	1001.01
205940.0	198.84	283.72	322.03
205996.0	244.43	-153.26	1165.42
206051.0	158.11	-1100.92	704.2
206107.0	-478.68	-397.2	1119.84
206161.0	349.19	-1626.65	-360.35
206216.0	539.31	-1822.1	1163.0
206272.0	-25.22	-163.93	1130.99
206328.0	-415.15	-86.33	392.35
206382.0	-305.06	-249.28	893.83
206438.0	-290.02	-119.79	790.53
206492.0	-327.85	-376.35	850.18
206548.0	-51.41	-436.49	808.96
206603.0	-84.87	-356.47	699.35
206658.0	323.0	-379.75	1237.69
206714.0	273.05	-300.69	809.93
206769.0	442.31	-478.68	736.21
206824.0	994.22	-503.9	796.35
206879.0	630.0	-17.46	1019.93
206935.0	-743.0	636.3	3637.89
206990.0	-503.9	888.98	834.18
207045.0	-20.37	659.1	1027.2
207100.0	189.15	463.65	1084.92
207155.0	510.21	199.81	615.93
207212.0	429.7	-671.22	886.56
207266.0	119.31	-1427.32	772.1
207321.0	-1037.87	-1335.65	2718.35
207376.0	371.99	-2408.93	895.77
207432.0	202.72	-542.22	1175.12
207487.0	62.56	-613.51	1099.95
207542.0	-107.67	114.94	968.52
207597.0	-320.09	-88.75	1110.62
207653.0	-158.59	-269.17	785.68
207708.0	-253.16	-385.56	836.6
207763.0	-124.16	-383.14	920.51
207819.0	237.16	-365.2	837.57
207875.0	482.08	-629.51	832.24
207929.0	652.79	-651.34	965.61
207984.0	1544.2	-484.99	916.63
208039.0	-107.67	-463.65	1429.74
208095.0	-1728.98	1141.18	4898.37
208150.0	-907.41	565.01	418.06
208205.0	139.68	459.77	1646.53
208260.0	403.02	189.63	468.5
208315.0	537.85	-19.4	607.2
208371.0	268.68	-531.06	1150.39
208426.0	-113.49	-1270.18	798.29
208481.0	-1151.36	-2131.52	1114.02
208536.0	226.49	-1023.81	1082.49
208592.0	928.27	-72.75	1115.96
208647.0	-270.14	-22.31	743.0
208702.0	-552.4	-13.58	1020.41
208757.0	-307.0	-649.4	934.09
208813.0	-111.06	-361.32	994.22
208869.0	-37.83	-407.39	979.67
208923.0	-36.37	-521.85	984.04
208979.0	-33.95	-249.77	983.55
209034.0	169.26	-274.02	1052.91
209089.0	468.98	-329.31	774.52
209144.0	925.84	-603.81	782.77
209199.0	985.98	-584.41	867.64
209254.0	-140.16	58.2	2256.16
209310.0	-622.24	626.12	4103.48
209365.0	-327.85	599.44	422.91
209420.0	-57.71	606.72	1260.0
209476.0	241.52	525.24	1127.11
209531.0	531.55	-29.58	583.92
209586.0	396.72	-1243.51	947.18
209642.0	-511.18	-1812.4	743.0
209696.0	-224.55	-2196.99	-123.19
209752.0	796.35	-1329.84	925.36
209807.0	268.2	44.13	1129.54
209862.0	-119.79	-197.39	1222.65
209917.0	-317.18	-309.91	944.27
209973.0	-356.95	-203.69	954.94
210028.0	-225.52	-426.3	916.14
210083.0	-114.94	-379.75	939.42
210138.0	45.59	-393.32	837.09
210194.0	266.26	-410.78	1321.59
210249.0	378.29	-646.97	864.73
210304.0	990.34	-658.13	749.79
210359.0	789.56	-343.86	1294.92
210415.0	-1076.67	-87.3	2681.49
210471.0	-862.79	1009.74	3187.34
210525.0	18.43	306.03	1251.27
210581.0	84.39	426.3	461.22
210636.0	306.03	245.4	924.39
210691.0	448.61	211.94	477.71
210747.0	439.4	-652.31	1211.01
210801.0	-231.34	-1494.73	257.04
210857.0	-180.9	-1538.86	1544.68
210912.0	-729.91	-2445.79	1492.79
210967.0	639.7	-457.83	1420.53
211022.0	92.15	-270.14	980.64
211078.0	-354.04	-269.17	952.03
211133.0	-334.64	-424.85	1011.2
211188.0	-236.67	-337.55	1098.5
211243.0	-60.14	-254.13	961.24
211299.0	47.53	-365.68	907.9
211354.0	125.61	-320.09	761.43
211409.0	61.59	-598.96	828.36
211464.0	446.19	-555.31	994.71
211519.0	1078.61	-594.11	807.5
211575.0	748.82	-728.94	1106.74
211630.0	-784.22	517.97	2627.66
211685.0	-584.89	833.21	3168.42
211740.0	158.59	500.99	1306.07
211796.0	-52.86	452.49	287.6
211851.0	91.18	503.9	1105.77
211906.0	342.89	130.46	347.74
211961.0	-96.03	-1136.33	1290.55
212017.0	-1263.39	-2084.96	-151.32
212072.0	-725.54	-2115.51	1206.65
212127.0	948.64	-904.02	1131.96
212182.0	-110.09	-99.42	1255.63
212238.0	-526.21	116.88	869.1
212294.0	-258.5	-65.96	1236.23
212348.0	121.25	-137.25	1092.68
212403.0	126.58	-237.64	847.27
212459.0	72.75	-455.89	791.98
212514.0	88.75	-392.35	746.88
212569.0	315.24	-310.88	1151.36
212624.0	442.79	-671.71	879.77
212680.0	1067.94	-698.87	1022.84
212735.0	201.27	-472.38	1369.6
212790.0	-886.07	78.08	3479.3
212845.0	-239.1	673.16	1102.86
212901.0	-157.62	516.51	-243.95
212956.0	168.29	186.24	1868.17
213012.0	362.29	48.98	97.0
213067.0	578.59	-135.8	1127.6
213122.0	470.92	-659.58	1422.47
213178.0	164.9	-1288.61	976.76
213232.0	135.31	-1462.24	1139.72
213287.0	-167.32	-2060.23	659.58
213342.0	307.97	-122.22	878.8
213398.0	-432.61	-67.41	1258.54
213453.0	-318.64	-106.21	832.24
213508.0	-238.13	-217.76	980.16
213563.0	-173.63	-392.84	924.87
213619.0	-100.88	-234.25	1064.06
213674.0	-62.56	-461.71	1044.66
213729.0	40.74	-113.49	751.25
213784.0	195.45	-273.53	716.33
213840.0	175.08	-307.97	725.54
213895.0	430.67	-759.01	675.59
213950.0	1175.12	-743.97	844.85
214005.0	296.33	-469.95	1803.18
214060.0	-573.25	941.36	3149.99
214116.0	-99.91	653.76	121.73
214171.0	-8.24	228.91	1113.05
214226.0	157.14	153.74	655.22
214281.0	258.98	265.29	578.59
214337.0	412.24	-293.42	1553.9
214392.0	139.19	-1515.1	1019.93
214447.0	99.42	-1719.28	4039.94
214502.0	-598.96	-2123.27	1969.53
214558.0	430.18	-971.43	955.91
214613.0	18.91	-243.95	1083.46
214668.0	-179.45	-70.32	920.02
214723.0	-54.8	-287.11	961.73
214779.0	-22.31	-245.4	900.14
214834.0	-147.44	-240.07	999.07
214889.0	-262.38	-305.06	959.3
214944.0	-61.11	-416.6	856.97
214999.0	244.92	-260.92	968.52
215055.0	558.71	-645.52	958.33
215110.0	1360.39	-655.22	786.65
215165.0	323.49	-264.8	1221.2
215221.0	-1132.45	799.74	3102.46
215276.0	-613.99	934.09	980.16
215331.0	-120.28	585.38	769.67
215386.0	300.21	373.44	1393.37
215442.0	472.38	387.5	18.43
215497.0	666.86	-53.35	1042.24
215552.0	366.17	-907.9	1292.01
215608.0	-319.61	-2323.57	1629.07
215663.0	-662.49	-2757.64	1673.21
215718.0	448.61	-1201.8	1153.78
215773.0	114.46	-471.41	1299.28
215825.0	66.685	-135.07	1205.92
215876.0	-135.31	-216.3	1253.21
215931.0	-199.81	-296.81	972.88
215986.0	-191.08	-411.75	851.64
216041.0	-110.58	-277.9	922.93
216097.0	-118.34	-392.35	849.21
216152.0	26.67	-541.25	992.28
216207.0	420.97	-789.56	898.2
216262.0	1039.33	-633.39	1010.23
216317.0	360.35	-750.76	863.28
216373.0	-438.91	1020.9	2972.0
216429.0	-538.34	1235.26	2240.64
216483.0	7.27	357.44	1363.3
216538.0	40.74	307.48	912.26
216594.0	156.65	305.06	832.24
216649.0	432.12	15.52	691.11
216704.0	405.45	-689.65	1129.54
216759.0	39.77	-1521.89	677.53
216814.0	-331.25	-1509.77	1099.47
216870.0	-664.92	-3863.89	1454.96
216926.0	635.82	84.87	1036.42
216980.0	14.55	-37.83	1239.14
217036.0	-165.38	-179.45	847.27
217091.0	-219.21	-163.93	786.16
217146.0	-116.4	-195.93	799.26
217201.0	-4.85	-396.23	1022.35
217256.0	-21.82	-252.68	1082.49
217312.0	127.07	-271.11	504.87
217367.0	110.58	-311.36	784.71
217422.0	77.11	-561.62	994.22
217477.0	175.57	-524.76	581.5
217533.0	812.84	-487.9	831.27
217588.0	1461.75	-637.27	800.23
217643.0	-480.14	400.6	1835.19
217698.0	-1049.51	582.47	3972.05
217754.0	-435.52	528.64	576.16
217809.0	-244.43	273.53	962.21
217865.0	24.73	369.56	1177.55
217919.0	455.4	303.12	466.56
217974.0	653.76	-456.37	889.47
218030.0	260.44	-1515.1	-10.67
218085.0	-65.47	-1555.35	2062.65
218140.0	-69.84	-1550.5	-108.64
218196.0	533.49	-880.74	1523.83
218251.0	313.3	-175.08	944.76
218306.0	-164.41	-216.79	1101.41
218361.0	-693.53	-1.94	915.66
218417.0	-772.58	-170.23	981.13
218472.0	-376.84	-174.6	1001.98
218527.0	-89.72	-357.92	839.51
218582.0	251.22	-451.52	795.38
218638.0	722.63	-366.65	924.87
218693.0	872.01	-458.31	992.77
218748.0	1613.55	-538.82	757.07
218803.0	823.99	-485.47	1143.11
218858.0	-1413.74	263.83	4041.88
218914.0	-1166.88	869.58	1997.66
218970.0	-599.44	510.69	-331.73
219024.0	209.51	340.46	2539.39
219079.0	469.95	173.63	-612.54
219135.0	797.32	-754.16	1138.27
219190.0	350.16	-1635.86	810.9
219245.0	5.33	-1907.94	1725.58
219300.0	378.29	-1908.91	167.81
219356.0	655.7	-1311.41	1167.36
219411.0	93.12	83.9	549.98
219466.0	-175.08	-113.49	896.26
219521.0	-274.5	-70.81	1022.84
219577.0	-249.28	-178.96	883.16
219632.0	-220.18	-277.9	935.54
219687.0	-245.4	-131.43	952.03
219742.0	65.96	-369.08	1161.06
219798.0	123.19	-582.95	858.43
219853.0	500.99	-488.38	721.18
219908.0	971.91	-666.37	833.69
219963.0	1489.88	-699.84	976.28
220018.0	-500.99	-315.24	1619.37
220074.0	-1260.97	1058.73	4310.57
220129.0	-517.97	627.09	-169.75
220184.0	-0.48	452.49	2106.3
220240.0	137.25	236.67	540.76
220295.0	478.68	171.2	1022.84
220350.0	610.11	-569.86	344.83
220406.0	268.2	-1660.11	949.61
220460.0	94.57	-1717.34	395.75
220516.0	-33.95	-2381.77	2048.1
220571.0	669.77	-725.06	712.45
220626.0	-21.82	-96.03	819.14
220681.0	-321.06	-204.18	950.58
220738.0	-194.96	-170.72	1056.3
220792.0	-77.6	-394.29	816.23
220847.0	-199.33	-338.04	880.74
220902.0	-294.87	-367.14	770.64
220957.0	76.14	-399.63	1242.05
221013.0	416.12	-337.55	332.7
221068.0	789.56	-357.92	930.21
221123.0	1374.94	-513.6	1121.78
221179.0	212.42	-572.28	1123.23
221234.0	-1128.57	572.28	4753.85
221289.0	-604.78	764.34	217.27
221344.0	-68.38	497.6	1509.28
221400.0	234.25	346.28	767.25
221455.0	517.97	363.26	1075.7
221511.0	719.72	-312.33	732.82
221565.0	453.95	-1905.52	701.29
221620.0	-165.38	-2800.32	629.51
221676.0	-1373.0	-2327.45	1228.47
221731.0	430.67	-386.05	1045.15
221786.0	46.07	-21.34	995.68
221841.0	105.24	-38.31	963.67
221896.0	-122.22	-161.02	1184.82
221952.0	-194.96	-246.37	778.89
222007.0	-182.36	-174.6	905.47
222062.0	-97.0	-381.2	921.48
222118.0	-1.45	-369.08	975.79
222173.0	423.39	-448.13	433.58
222228.0	761.92	-576.65	665.89
222283.0	1445.75	-433.09	993.74
222338.0	-442.79	-164.9	1729.95
222395.0	-1098.98	669.28	4233.94
222449.0	-699.11	694.5	-389.445
222501.0	72.75	435.52	1805.12
222552.0	182.84	211.94	718.27
222607.0	259.47	158.59	761.92
222662.0	405.93	-104.76	982.58
222718.0	420.0	-841.45	724.09
222773.0	153.74	-1427.32	679.47
222828.0	189.15	-1514.62	2748.91
222883.0	-869.58	-1377.36	-224.55
222939.0	678.5	-572.77	801.68
222994.0	-139.68	-82.93	1073.76
223049.0	-346.28	-28.13	779.37
223104.0	-208.54	-148.89	1292.98
223159.0	-254.13	-240.07	905.96
223215.0	-222.61	-265.29	901.59
223270.0	1.94	-323.97	944.76
223325.0	398.17	-363.74	520.88
223380.0	537.85	-340.95	1073.28
223436.0	455.89	-465.59	1099.95
223491.0	974.34	-531.06	877.34
223546.0	468.01	-486.44	1085.89
223601.0	-831.27	231.82	1955.47
223657.0	-738.15	436.97	1706.67
223712.0	-161.5	471.89	925.36
223768.0	139.68	421.45	1309.95
223823.0	288.08	489.35	864.25
223877.0	501.48	60.62	752.22
223933.0	427.76	-657.16	955.42
223988.0	-36.37	-1652.84	732.82
224043.0	-49.47	-1629.07	236.67
224098.0	-375.87	-1048.06	641.15
224153.0	305.06	-191.57	1310.92
224209.0	-96.51	-305.54	1239.14
224264.0	88.27	-275.96	1154.75
224319.0	77.11	-145.01	962.21
224375.0	-143.56	-324.46	999.07
224430.0	-157.14	-329.79	774.52
224485.0	-12.61	-237.64	1067.94
224540.0	36.37	-436.97	871.04
224596.0	82.93	-621.27	793.92
224651.0	175.08	-380.72	939.42
224706.0	723.6	-742.03	905.96
224761.0	363.74	-488.87	1152.81
224817.0	-634.85	338.52	2164.98
224872.0	-157.62	-93.6	2466.16
224927.0	129.01	372.96	557.25
224982.0	330.76	374.41	772.1
225037.0	170.23	178.96	6.3
225093.0	169.75	188.66	953.97
225148.0	308.94	156.65	545.61
225203.0	487.9	-457.34	1290.07
225258.0	298.27	-1013.14	996.16
225314.0	-217.27	-868.13	-2074.29
225369.0	-1038.84	-3053.96	1560.2
225424.0	423.88	-209.03	1129.05
225479.0	-254.62	-211.45	1040.78
225534.0	-283.72	-366.17	762.4
225590.0	40.74	-292.45	747.37
225645.0	122.7	-119.79	914.2
225700.0	-64.99	-126.58	1206.16
225756.0	-155.68	-436.49	997.13
225811.0	-183.81	-456.86	988.4
225866.0	-48.01	-615.45	821.08
225921.0	27.16	-634.85	1264.36
225977.0	106.7	-528.15	-340.46
226032.0	703.23	-580.04	963.67
226087.0	606.72	-497.11	1088.8
226142.0	-262.38	-330.28	1456.9
226197.0	-96.51	359.86	3543.8
226253.0	119.79	500.99	-133.37
226308.0	25.22	295.36	1372.03
226363.0	-219.7	-157.62	881.22
226418.0	-38.31	313.3	1306.56
226474.0	-55.29	159.08	705.66
226529.0	-213.88	-245.89	753.67
226584.0	-634.36	-555.31	674.62
226639.0	-569.86	-807.02	166.84
226695.0	-934.57	-1340.02	1775.54
226750.0	-1771.66	-135.8	1012.17
226805.0	-553.37	-733.79	1076.67
226860.0	271.59	-666.86	1326.44
226916.0	-257.53	-42.68	1132.45
226971.0	-53.83	391.385	395.02500000000003
