Time	Yaw	Pitch	Roll
172900.0	-1176.09	-144.53	1246.42
172955.0	-129.49	-283.72	948.15
173011.0	-52.38	-509.72	879.28
173066.0	-220.67	-424.36	882.68
173121.0	-297.78	-427.76	895.29
173176.0	-339.49	-463.65	802.17
173231.0	37.83	-547.55	914.2
173286.0	289.54	-256.07	1122.75
173343.0	522.33	-799.74	877.34
173397.0	1700.85	-550.95	942.33
173452.0	479.17	-634.36	1686.79
173507.0	-1017.99	55.77	4301.84
173563.0	-358.41	461.71	1386.58
173618.0	-832.72	485.47	642.61
173673.0	-525.73	810.9	1975.84
173728.0	-275.96	540.28	-687.71
173783.0	-653.76	-1090.25	1856.53
173839.0	-1179.0	-1802.7	1299.77
173894.0	-1322.08	-2043.25	-853.58
173950.0	459.77	-178.48	1154.75
174004.0	588.29	-63.05	1372.51
174060.0	90.21	-282.26	948.15
174115.0	-31.52	-234.25	738.15
174170.0	-90.69	-362.29	1172.7
174225.0	-508.27	-569.86	948.15
174280.0	-575.68	-473.83	735.24
174336.0	-235.7	-304.57	1244.48
174391.0	285.17	-515.06	1300.74
174446.0	1233.81	-758.52	873.95
174501.0	760.46	-680.44	759.49
174557.0	-1046.6	-605.75	2479.25
174612.0	-197.39	735.73	3221.29
174667.0	-428.24	423.39	1284.25
174722.0	-201.75	380.23	509.24
174778.0	-62.08	314.76	1256.6
174833.0	166.35	-165.87	476.74
174889.0	134.34	-1245.93	634.36
174943.0	-269.65	-1101.89	406.42
174999.0	-918.57	-2837.18	918.57
175055.0	1469.51	-612.05	1123.72
175109.0	462.19	240.55	1170.76
175164.0	90.21	-76.63	1209.56
175219.0	-183.81	-249.28	872.49
175275.0	-562.59	-482.08	1130.02
175330.0	-381.2	-526.7	697.41
175385.0	-59.17	-231.34	860.85
175440.0	383.62	-452.01	285.17
175495.0	1114.02	-637.76	1342.93
175550.0	1830.83	-618.36	1193.07
175606.0	-1001.5	281.78	2806.14
175662.0	-1538.86	1343.41	4146.64
175716.0	-361.8	638.24	1047.09
175771.0	133.86	359.38	1020.9
175827.0	110.09	-22.79	416.6
175882.0	232.31	-570.83	719.72
175937.0	74.2	-914.2	189.15
175992.0	-92.15	-1298.8	854.06
176047.0	-664.43	-2000.09	2400.69
176103.0	384.59	-1017.02	969.49
176158.0	890.44	3.88	1107.71
176213.0	333.67	-249.28	1162.51
176268.0	230.37	-211.45	1188.22
176323.0	-33.95	-270.14	1040.78
176379.0	-392.84	-467.04	958.82
176434.0	-286.14	-345.31	811.38
176489.0	33.95	-421.94	1063.58
176544.0	863.76	-577.62	1361.36
176600.0	1497.16	-592.17	931.66
176655.0	-736.7	172.17	1602.88
176710.0	-1355.54	-650.37	4577.31
176765.0	-579.07	645.52	55.29
176820.0	-82.93	290.02	1079.58
176876.0	-34.92	252.19	733.79
176932.0	113.97	-324.46	786.65
176987.0	110.09	-780.83	823.51
177041.0	-159.56	-1279.4	357.92
177096.0	-181.39	-1738.19	929.24
177152.0	-399.14	-1743.53	1146.02
177207.0	640.18	126.1	1007.32
177262.0	-141.62	-80.51	954.94
177317.0	229.88	-257.53	1051.45
177373.0	636.3	-250.25	927.3
177428.0	556.77	-527.67	694.02
177483.0	165.87	-365.2	991.31
177538.0	-516.03	-562.1	912.75
177594.0	-158.11	-406.9	694.02
177649.0	738.15	-585.86	914.2
177704.0	629.51	-641.15	1142.63
177759.0	-646.97	-79.54	1767.78
177815.0	-502.93	1015.56	3537.01
177869.0	-426.79	423.39	307.48
177925.0	-195.45	455.89	619.33
177980.0	9.21	353.56	277.41
178035.0	168.78	-241.52	1048.06
178090.0	63.53	-796.35	656.19
178146.0	-188.66	-1232.84	985.98
178201.0	14.55	-1737.22	2127.64
178256.0	-489.84	-890.92	1084.43
178311.0	913.72	61.11	858.91
178367.0	295.84	-141.62	889.95
178422.0	155.68	21.34	827.39
178478.0	58.68	-600.9	961.24
178532.0	-23.76	-408.84	797.8
178587.0	-230.85	-441.34	976.76
178642.0	-407.39	-197.87	883.16
178699.0	129.01	-717.78	1099.47
178753.0	873.46	-775.49	598.96
178808.0	1106.74	-310.88	1015.08
178863.0	-1369.6	-388.96	2685.86
178919.0	-765.31	1009.26	3989.99
178974.0	-446.67	349.68	105.73
179029.0	-72.75	325.43	336.58
179085.0	0.97	260.92	969.0
179139.0	211.94	-226.97	937.97
179195.0	140.16	-710.02	731.36
179250.0	-36.37	-1119.84	1171.24
179305.0	-227.46	-760.95	1183.85
179360.0	-782.28	-2201.84	34.92
179417.0	868.13	-357.44	1100.44
179471.0	230.85	-83.42	1246.9
179527.0	127.07	-180.9	834.18
179581.0	140.16	-250.25	807.02
179637.0	127.07	-175.57	1042.24
179692.0	-79.05	-319.61	898.68
179747.0	-352.59	-471.89	1068.43
179802.0	-340.46	-492.75	867.16
179857.0	136.28	-606.72	884.62
179913.0	762.4	-676.56	1033.99
179968.0	861.34	-542.7	1012.17
180023.0	-539.79	-494.69	2403.11
180078.0	-261.89	501.96	2904.1
180134.0	-327.85	647.94	336.1
180189.0	-100.39	602.35	978.22
180244.0	46.07	472.86	141.62
180299.0	204.18	207.57	1037.39
180354.0	94.09	-509.72	830.3
180411.0	-220.67	-1316.26	883.65
180465.0	-565.5	-1561.17	1041.27
180520.0	-617.39	-1861.87	1367.18
180575.0	1013.14	-103.79	1109.17
180630.0	192.54	-97.0	979.67
180686.0	106.7	-114.94	1028.66
180741.0	171.2	-274.99	970.94
180796.0	176.54	-271.59	1144.08
180851.0	75.17	-311.85	1109.65
180907.0	-130.46	-289.05	1069.88
180962.0	-131.92	-315.73	840.48
181017.0	-107.18	-268.68	1137.78
181072.0	583.44	-630.0	717.78
181127.0	1144.08	-545.13	670.25
181183.0	-183.81	-319.61	1320.62
181238.0	-1019.93	703.72	3535.56
181294.0	-233.76	630.97	1438.96
181348.0	-151.8	468.5	89.72
181404.0	-39.28	513.6	526.7
181459.0	170.23	390.9	879.77
181514.0	94.09	-310.88	866.19
181569.0	-131.43	-1104.32	871.52
181624.0	-339.49	-1408.4	872.98
181680.0	-941.36	-2747.94	888.01
181735.0	897.71	-590.23	1022.35
181790.0	480.62	24.73	995.68
181845.0	268.68	-157.14	989.37
181901.0	49.47	-207.57	1046.6
181956.0	60.62	-265.29	884.13
182011.0	-132.4	-191.08	1018.47
182066.0	-346.77	-387.02	742.03
182121.0	-185.75	-240.07	1084.92
182176.0	113.49	-552.89	1003.44
182232.0	661.52	-571.8	655.22
182287.0	941.36	-830.78	775.01
182342.0	-41.71	-580.04	860.37
182397.0	-427.76	868.13	4380.89
182453.0	-362.77	737.18	398.66
182508.0	-278.38	490.81	923.9
182563.0	-54.8	311.85	721.18
182618.0	77.11	357.92	514.57
182673.0	110.09	-402.05	1072.79
182730.0	-29.58	-1232.84	556.28
182784.0	-137.25	-2104.36	1128.57
182839.0	-635.82	-2204.27	970.94
182894.0	1130.02	-83.9	1026.23
182950.0	313.3	-27.64	1136.33
183005.0	159.56	-246.86	1038.36
183060.0	73.72	-186.72	924.87
183115.0	-127.07	-272.56	1016.53
183170.0	-358.41	-425.82	957.85
183226.0	-275.96	-274.99	1097.04
183281.0	97.97	-359.86	848.24
183336.0	147.92	-667.34	423.88
183391.0	517.48	-497.6	1166.39
183447.0	1121.29	-595.08	1103.83
183502.0	-381.68	-455.89	1432.17
183557.0	-917.6	54.32	3160.18
183612.0	-515.06	730.39	1122.26
183667.0	-382.65	632.42	-47.04
183723.0	-214.85	331.25	939.91
183778.0	-22.31	226.0	681.41
183833.0	149.38	-439.4	734.76
183888.0	71.29	-899.65	743.49
183943.0	-180.42	-1315.77	654.73
183999.0	514.57	-3020.02	1063.58
184054.0	937.97	-349.68	969.0
184109.0	636.79	-32.98	1170.27
184164.0	183.81	63.53	1060.67
184220.0	-47.53	-80.02	906.44
184275.0	-310.88	-176.54	973.37
184330.0	-253.65	-322.03	876.37
184385.0	-10.67	-345.31	940.88
184441.0	34.43	-420.0	942.82
184496.0	-63.05	-291.48	1092.19
184551.0	28.61	-749.79	868.13
184606.0	507.78	-593.14	801.2
184661.0	-146.47	-420.48	1554.87
184717.0	-353.56	-25.22	3133.02
184773.0	919.05	931.66	1572.33
184827.0	86.33	229.4	1131.48
184882.0	-87.3	283.72	-181.87
184937.0	24.73	510.69	1004.41
184993.0	93.12	259.47	625.63
185048.0	-61.11	-831.75	821.08
185103.0	-601.38	-1271.64	854.55
185158.0	-1348.75	-2602.93	716.81
185213.0	1069.4	-152.29	1209.07
185269.0	382.65	125.61	1106.26
185324.0	80.99	-219.21	1009.74
185379.0	25.22	-154.71	1024.29
185436.0	27.16	-384.59	909.35
185490.0	-228.91	-355.5	1021.87
185545.0	-213.39	-531.55	731.85
185600.0	94.57	-415.15	887.04
185655.0	259.47	-341.92	904.99
185710.0	874.43	-686.74	1018.47
185766.0	1296.37	-681.41	808.47
185821.0	-1044.18	271.59	1741.1
185876.0	-1191.61	-109.61	3422.56
185931.0	-561.62	612.54	898.2
185986.0	-90.21	449.58	1344.87
186042.0	-55.29	220.18	508.27
186097.0	152.77	-23.76	1034.48
186152.0	208.06	-483.05	343.37
186208.0	115.43	-1067.94	530.09
186263.0	-166.35	-1258.54	587.8
186318.0	685.77	-2930.78	565.5
186373.0	1138.27	-400.6	1124.69
186428.0	153.26	-16.97	1139.24
186483.0	-134.83	-83.42	692.56
186539.0	22.79	-307.97	1016.05
186594.0	125.13	-403.02	1269.7
186649.0	163.44	-399.14	884.13
186704.0	258.98	-381.2	1035.45
186760.0	93.12	-307.0	679.95
186815.0	-225.52	-329.79	807.02
186870.0	10.18	-462.68	865.7
186925.0	890.92	-538.82	1064.55
186980.0	413.69	-375.38	877.83
187036.0	-986.46	-68.87	2150.92
187091.0	-332.22	1468.06	1938.49
187146.0	-149.86	181.87	929.72
187201.0	66.93	326.88	33.95
187258.0	165.87	-222.12	1232.35
187313.0	221.64	-660.07	258.98
187368.0	8.73	-1055.33	718.75
187423.0	-108.64	-1256.12	949.61
187477.0	-351.13	-1395.31	181.39
187533.0	-30.07	-1747.41	1333.71
187588.0	983.55	-111.55	921.48
187643.0	230.85	114.94	1154.75
187698.0	36.37	-201.75	983.55
187754.0	-179.93	-208.54	963.67
187809.0	-182.36	-292.45	918.08
187864.0	42.68	-205.63	1245.45
187919.0	-214.85	-276.93	780.34
187974.0	117.37	-387.02	754.64
188029.0	207.57	-212.91	1238.66
188085.0	522.82	-847.76	796.35
188141.0	1140.21	-748.82	1116.93
188195.0	-513.6	-484.5	1188.7
188250.0	-338.52	364.71	4543.36
188305.0	-337.07	233.76	-19.4
188361.0	-228.43	384.11	1107.71
188416.0	52.86	328.34	766.28
188471.0	-25.7	-180.42	273.05
188526.0	-133.86	-860.37	1079.58
188582.0	-527.18	-1610.16	-206.12
188637.0	-272.56	-3063.66	1752.74
188692.0	936.51	-910.32	1066.49
188747.0	328.82	141.62	1161.06
188803.0	293.9	-63.05	1016.05
188858.0	328.82	-305.06	909.35
188913.0	269.17	-358.89	1024.78
188968.0	169.75	-335.13	760.95
189024.0	-309.91	-393.32	1055.33
189079.0	-335.13	-295.36	809.93
189135.0	-158.11	-222.61	857.94
189189.0	343.37	-588.77	913.72
189244.0	1276.97	-639.21	1078.61
189300.0	-353.07	-845.82	1132.93
189353.0	-1066.97	-86.81	3339.62
189410.0	-156.65	575.68	2053.44
189465.0	-195.93	596.05	-199.81
189520.0	27.16	353.07	408.84
189576.0	306.51	234.25	227.46
189631.0	261.89	-324.94	827.39
189686.0	142.59	-828.36	851.64
189741.0	-187.69	-1219.74	347.74
189796.0	-1625.68	-2801.77	1211.98
189852.0	1237.69	-1049.03	927.3
189907.0	627.57	82.45	1029.63
189962.0	171.69	-26.19	1000.53
190017.0	153.74	-0.48	800.71
190073.0	-14.55	-91.18	991.8
190128.0	-396.23	-366.65	1029.63
190183.0	-517.97	-293.9	792.47
190238.0	-187.21	-486.44	866.67
190294.0	181.39	-499.54	687.71
190349.0	541.73	-489.84	1392.88
190404.0	963.67	-485.96	888.5
190459.0	1049.51	-680.92	841.94
190514.0	-1067.46	-809.93	1841.5
190569.0	-516.03	911.29	4615.62
190625.0	-613.99	480.14	7.27
190680.0	-204.18	442.79	1076.67
190735.0	-12.12	198.36	-192.54
190791.0	174.6	-89.72	978.22
190847.0	210.97	-745.91	500.51
190902.0	-11.15	-1024.29	632.91
190956.0	42.68	-1073.76	1625.19
191011.0	-594.11	-2113.09	1040.3
191066.0	1219.26	-300.69	1040.78
191122.0	359.86	78.08	1073.28
191177.0	187.69	-116.4	961.24
191232.0	-79.05	-216.79	967.06
191287.0	-148.41	-183.81	748.82
191343.0	-380.23	-323.0	994.71
191398.0	-374.9	-299.72	826.42
191453.0	-124.64	-460.74	731.36
191508.0	271.59	-396.72	1078.61
191564.0	371.02	-533.97	1247.87
191619.0	929.24	-484.99	1324.99
191674.0	240.07	-569.38	1295.4
191729.0	-799.74	-160.53	2114.54
191784.0	-472.86	1478.24	3368.72
191840.0	-244.92	254.13	618.36
191895.0	71.78	199.81	731.85
191951.0	87.78	342.4	141.13
192006.0	248.8	226.0	858.91
192061.0	84.39	-771.13	324.94
192116.0	61.11	-1250.3	686.26
192171.0	-289.54	-2468.59	1097.53
192226.0	22.79	-2266.83	1069.88
192281.0	712.93	-158.59	1005.38
192337.0	127.55	-198.84	1115.96
192392.0	151.8	-32.98	910.32
192447.0	-24.73	-314.76	806.05
192502.0	22.31	-171.69	665.89
192557.0	-147.92	-345.8	1190.16
192613.0	-286.14	-494.69	749.79
192668.0	67.9	-525.24	807.99
192723.0	90.21	-442.31	854.06
192778.0	804.59	-631.94	919.05
192835.0	501.96	-673.16	1285.7
192889.0	-701.78	-242.49	2608.26
192944.0	-338.52	229.4	3640.8
192999.0	-469.95	507.3	312.82
193054.0	-48.5	386.05	751.73
193110.0	-19.4	290.99	-171.2
193165.0	227.94	144.04	1343.41
193220.0	48.01	-547.07	446.19
193275.0	-117.37	-1182.4	1012.65
193331.0	-136.28	-1240.6	630.48
193386.0	-691.11	-2399.72	546.58
193441.0	913.72	-416.12	1253.69
193496.0	603.81	-44.13	1189.19
193551.0	184.3	-111.06	768.7
193607.0	108.15	-216.3	1016.05
193662.0	77.6	-271.59	919.05
193717.0	24.73	-234.73	965.61
193772.0	-139.68	-212.91	676.56
193828.0	-266.74	-246.37	1148.45
193883.0	-105.24	-635.33	835.63
193938.0	53.35	-291.48	1068.91
193993.0	579.56	-611.57	611.08
194048.0	1025.75	-757.07	717.3
194104.0	15.52	-557.74	1147.48
194159.0	-477.23	-16.49	2961.82
194214.0	18.43	484.5	1707.64
194269.0	-197.39	372.96	-243.95
194325.0	-56.26	436.0	651.34
194380.0	113.49	318.64	1408.89
194435.0	153.74	-336.1	706.14
194491.0	225.52	-850.18	477.23
194545.0	-88.27	-1357.96	-401.57
194600.0	-570.83	-2989.46	2912.35
194656.0	682.38	-986.46	928.75
194711.0	678.98	118.82	1073.76
194766.0	47.53	-132.89	977.25
194822.0	225.52	-120.28	815.26
194877.0	290.51	-265.77	1196.95
194932.0	-101.36	-369.56	1026.72
194987.0	-467.04	-540.28	1004.89
195042.0	-440.37	-355.98	814.29
195098.0	-52.86	-553.86	877.83
195153.0	374.9	-518.94	958.82
195209.0	594.59	-565.98	849.7
195263.0	1080.07	-597.02	898.2
195318.0	65.96	-738.15	1130.99
195374.0	-957.36	8.73	2208.63
195429.0	-405.93	1091.71	1369.12
195484.0	-228.91	444.25	466.56
195539.0	-72.75	327.37	563.07
195594.0	60.62	218.73	1203.74
195650.0	162.96	-195.45	516.51
195705.0	124.64	-788.1	953.97
195760.0	-72.75	-1144.57	346.28
195815.0	167.32	-1737.71	1959.35
195871.0	-777.92	-852.12	1027.69
195926.0	909.84	-242.01	1142.63
195981.0	255.59	99.91	1321.59
196037.0	138.22	-59.65	995.19
196091.0	133.37	-325.91	1001.5
196147.0	157.62	-346.77	924.39
196202.0	259.47	-255.59	1077.64
196257.0	128.52	-477.71	735.73
196312.0	-107.67	-591.2	824.48
196367.0	-41.71	-332.7	781.31
196424.0	436.0	-517.97	921.96
196478.0	1161.54	-839.03	1045.15
196533.0	-166.84	-430.67	850.67
196588.0	-994.71	23.28	3345.44
196644.0	-315.24	550.46	1292.01
196699.0	-231.82	468.01	-27.16
196754.0	-129.49	206.12	738.64
196809.0	75.66	227.46	887.04
196865.0	264.8	-205.63	983.55
196921.0	133.37	-566.47	875.4
196976.0	-94.09	-1140.69	811.38
197030.0	-667.83	-1007.32	746.88
197085.0	809.44	-1857.99	918.57
197140.0	585.38	-125.61	1200.34
197196.0	70.81	22.31	1373.48
197251.0	200.78	113.97	999.07
197306.0	-1.45	-43.16	944.76
197361.0	-57.71	-321.06	1015.56
197416.0	-153.74	-429.21	789.56
197472.0	-366.65	-362.77	795.86
197527.0	-240.55	-438.91	1189.67
197582.0	274.99	-455.4	977.73
197637.0	548.52	-608.17	368.59
197693.0	1236.72	-812.84	850.67
197749.0	140.65	-1001.5	1409.86
197803.0	-1073.76	-339.49	3034.08
197858.0	-587.32	619.33	1058.73
197914.0	-346.77	605.75	606.72
197969.0	-287.11	405.45	967.55
198024.0	8.73	296.81	1633.92
198080.0	128.04	-142.1	707.11
198134.0	223.09	-661.52	941.36
198190.0	35.89	-1079.1	571.32
198245.0	-156.17	-1211.98	-258.5
198300.0	34.92	-2010.76	1021.87
198355.0	1013.14	-314.27	900.14
198411.0	164.9	-59.65	750.76
198466.0	39.77	-241.04	1024.29
198521.0	134.34	-149.86	915.17
198576.0	156.17	-290.51	969.0
198631.0	98.94	-347.74	955.91
198687.0	-178.48	-371.99	1040.3
198742.0	-96.51	-477.23	564.53
198798.0	74.2	-399.14	768.7
198852.0	215.33	-379.26	851.15
198908.0	512.63	-563.07	834.18
198963.0	1329.84	-788.1	762.89
199019.0	-159.56	-498.57	993.74
199073.0	-904.99	68.38	3499.18
199128.0	-468.98	178.48	693.53
199183.0	-448.13	542.22	-168.78
199239.0	-219.21	395.26	723.12
199294.0	85.84	233.76	713.9
199349.0	159.56	-299.24	887.53
199405.0	234.25	-783.74	664.43
199460.0	49.95	-1111.59	262.38
199515.0	-127.07	-1341.96	1213.92
199570.0	-634.36	-958.33	1679.51
199625.0	828.36	-61.11	1033.99
199680.0	389.44	162.47	998.1
199736.0	26.19	48.5	965.12
199791.0	-24.73	-449.1	1041.75
199846.0	-22.79	-302.15	1096.07
199901.0	100.39	-291.96	1241.57
199957.0	63.05	-216.3	1002.95
200012.0	-87.78	-473.83	937.97
200067.0	-91.18	-368.11	844.36
200122.0	-47.53	-354.04	923.42
200178.0	207.09	-758.52	642.61
200233.0	1045.63	-805.56	754.16
200288.0	-13.09	-627.09	1289.1
200343.0	-546.1	-96.03	2245.98
200398.0	264.8	430.67	2040.34
200454.0	-335.61	267.71	840.97
200509.0	-187.21	282.75	478.2
200564.0	-3.88	148.41	1474.85
200619.0	230.85	-141.13	925.84
200676.0	252.19	-593.14	839.51
200731.0	72.75	-1066.0	761.43
200785.0	-26.19	-1922.49	1055.82
200840.0	-27.16	-1731.4	1890.97
200895.0	680.44	-1175.12	1078.13
200951.0	637.27	-182.36	1127.6
201006.0	127.07	-97.48	1310.44
201061.0	65.47	-271.59	1027.2
201116.0	31.04	-77.11	1211.01
201171.0	5.33	-287.6	1104.32
201227.0	-102.33	-439.4	935.54
201282.0	-152.77	-403.99	742.52
201338.0	-4.36	-468.5	1109.17
201392.0	300.21	-386.53	966.09
201447.0	417.57	-564.04	934.09
201503.0	1220.23	-687.71	727.48
201558.0	1731.4	-284.2	1478.24
201613.0	-1255.63	-420.0	2813.9
201669.0	-1332.26	369.56	3400.73
201724.0	-612.54	321.06	130.95
201779.0	-391.38	625.63	519.91
201834.0	-14.06	423.88	1311.89
201889.0	179.93	-17.94	1131.48
201944.0	186.72	-539.31	522.33
202000.0	232.79	-920.02	536.88
202055.0	64.99	-1193.55	505.84
202110.0	-463.16	-2686.83	-245.4
202165.0	954.45	-377.32	959.3
202220.0	725.54	-63.05	916.63
202276.0	113.0	-287.11	847.27
202331.0	196.42	-220.18	813.32
202386.0	162.47	138.22	1095.59
202441.0	221.15	-227.94	790.53
202497.0	294.39	-145.5	996.16
202552.0	8.24	-533.0	602.35
202607.0	26.67	-463.65	558.71
202662.0	-412.24	-755.61	481.11
202718.0	-15.52	-545.13	704.69
202773.0	144.53	-568.89	680.44
202828.0	769.19	-342.89	852.61
202883.0	-315.73	-727.0	1301.71
202938.0	-254.13	-36.37	2456.46
202994.0	314.27	1085.4	2809.53
203049.0	148.41	1024.78	710.51
203104.0	-35.89	345.8	840.48
203159.0	134.83	453.46	1179.97
203216.0	136.77	219.7	416.6
203271.0	77.11	-984.04	865.22
203325.0	-237.64	-1553.9	1840.53
203380.0	-1135.84	-3737.31	1742.56
203435.0	1331.78	-728.94	868.61
203490.0	198.84	550.95	1136.81
203546.0	-105.73	-193.02	964.15
203601.0	204.18	-228.43	828.84
203656.0	252.68	-216.3	1069.88
203711.0	180.42	-280.32	1034.96
203767.0	82.45	-483.05	971.91
203822.0	-256.56	-264.32	1077.64
203877.0	-59.17	-725.54	752.7
203932.0	178.48	-494.2	1089.77
203987.0	866.67	-592.17	662.01
204043.0	399.63	-757.07	440.37
204098.0	-453.95	-44.62	1156.69
204153.0	473.35	766.76	4283.41
204208.0	-165.87	700.32	287.6
204264.0	-97.0	-16.49	329.31
204320.0	-7.76	-120.76	923.42
204374.0	45.59	98.94	1605.31
204429.0	175.08	-52.86	991.31
204485.0	105.24	-932.15	719.24
204540.0	70.32	-1359.9	698.38
204595.0	909.35	-1768.75	2229.49
204650.0	-183.81	-1556.81	2061.2
204705.0	1072.79	16.0	1114.99
204761.0	388.47	-30.55	1017.02
204816.0	143.56	-133.86	945.73
204871.0	-19.88	-294.87	1149.42
204926.0	-230.37	-146.47	796.83
204981.0	-246.37	-319.12	675.1
205037.0	-210.0	-398.17	807.5
205092.0	-21.82	-484.02	1176.58
205147.0	164.9	-453.95	820.11
205202.0	425.33	-733.79	618.36
205258.0	1037.87	-419.51	1015.56
205313.0	316.21	-730.39	1019.93
205368.0	-856.97	141.13	1567.48
205423.0	-393.32	53.35	3970.11
205479.0	-319.61	400.11	613.02
205534.0	-236.19	413.69	-154.71
205589.0	41.22	110.58	1043.21
205644.0	228.43	-195.93	651.34
205700.0	294.39	-585.38	807.5
205754.0	177.02	-951.55	611.57
205810.0	102.82	-1072.31	177.02
205865.0	412.72	-1327.9	594.59
205920.0	-219.7	-1324.99	1565.05
205975.0	877.34	-320.58	1051.45
206032.0	155.68	-374.41	732.82
206086.0	24.73	-167.32	1020.41
206141.0	61.59	-129.49	885.1
206196.0	-27.16	-310.39	1016.53
206252.0	-98.45	-346.77	863.76
206307.0	-206.6	-483.53	761.43
206362.0	-189.15	-461.22	918.57
206417.0	51.89	-402.05	575.19
206472.0	311.36	-412.72	1163.97
206528.0	870.07	-769.19	674.62
206583.0	1204.71	-706.14	797.8
206638.0	-350.65	-179.93	1675.15
206693.0	-887.04	-398.17	3182.0
206748.0	-434.06	493.72	1176.58
206804.0	-221.15	760.95	1229.93
206859.0	-147.92	250.74	824.96
206914.0	149.86	-50.92	418.06
206970.0	143.07	-543.19	591.2
207025.0	14.55	-1105.29	468.01
207080.0	289.54	-828.84	1041.27
207135.0	-986.95	-2891.98	336.1
207190.0	1235.26	-229.4	1062.61
207245.0	110.09	-133.86	885.59
207301.0	-87.78	-268.2	1190.16
207356.0	-65.96	110.58	1370.09
207411.0	-19.4	-387.99	985.98
207466.0	-51.65	-490.56500000000005	1072.79
207519.0	-73.475	-49.955	1129.05
207577.0	-110.58	-259.47	832.24
207632.0	41.22	-323.97	1047.09
207687.0	-27.16	-583.92	846.3
207742.0	-62.56	-484.99	1210.53
207797.0	23.76	-538.82	706.14
207853.0	370.05	-526.21	635.82
207908.0	603.81	-673.65	799.26
207963.0	-27.64	-262.86	1021.87
208018.0	-518.94	-440.37	1109.65
208073.0	852.61	1335.65	2852.21
208129.0	-199.81	319.61	376.84
208184.0	-210.0	-24.25	476.74
208239.0	-89.24	-504.39	1225.08
208295.0	274.02	100.39	860.85
208350.0	456.86	129.01	347.74
208405.0	-135.8	615.93	-111.55
208461.0	-228.91	-728.94	1828.89
208515.0	-726.51	-828.36	-1163.97
208571.0	-767.25	-1461.75	1041.27
208626.0	634.85	181.39	1507.83
208681.0	160.05	-305.54	892.38
208736.0	103.79	-277.41	1163.48
208792.0	-120.28	-246.37	1613.07
208847.0	-297.3	-224.06	766.76
208902.0	-326.88	-54.8	1071.34
208957.0	-132.89	85.36	584.41
209012.0	-329.31	-761.92	1006.83
209068.0	-143.07	-351.62	852.61
209123.0	568.165	-320.815	716.33
