Time	Yaw	Pitch	Roll
9801.0	102.82	-151.8	863.28
9856.0	201.75	-492.26	814.29
9911.0	195.93	-564.53	1147.48
9967.0	-172.66	-515.54	814.78
10022.0	-251.71	-389.44	837.09
10077.0	-261.89	-353.07	717.3
10132.0	571.8	-497.6	837.57
10187.0	154.23	-466.56	920.51
10243.0	-438.91	-38.31	2740.18
10298.0	209.51	761.92	2855.6
10353.0	303.12	-23.28	1417.13
10408.0	50.92	154.23	-2.42
10463.0	46.07	157.14	797.32
10519.0	224.06	-188.66	425.33
10574.0	95.06	-891.41	1224.59
10629.0	-349.68	-1555.84	726.51
10684.0	-307.48	-1503.46	220.67
10739.0	-1143.6	-1587.36	1272.61
10795.0	891.41	12.12	1153.78
10851.0	2.42	-95.54	1104.8
10905.0	302.63	-148.41	796.35
10960.0	568.89	-32.98	1172.7
11015.0	344.83	-286.63	1090.25
11071.0	-36.37	-253.65	762.4
11126.0	-475.29	-267.23	989.86
11181.0	-490.32	-417.57	736.21
11236.0	-277.41	-602.84	655.22
11292.0	618.36	-624.18	1183.37
11347.0	552.4	-605.26	933.6
11402.0	-541.25	49.47	3281.42
11458.0	-214.85	500.02	1900.18
11513.0	-106.7	260.92	1464.18
11568.0	45.1	454.92	-123.67
11623.0	299.24	402.54	1043.21
11679.0	280.32	-42.68	689.17
11734.0	130.95	-953.48	1120.81
11789.0	-186.24	-1541.77	926.81
11844.0	-543.67	-1599.49	520.39
11903.0	-723.6	-1862.84	1197.43
11954.0	1136.33	-181.87	992.77
12010.0	92.15	-354.53	943.79
12065.0	-20.37	9.7	1134.87
12120.0	-33.46	-161.02	848.73
12175.0	88.27	-453.46	1038.36
12230.0	-267.23	-454.92	762.4
12285.0	-265.29	-492.75	887.04
12341.0	146.95	-483.53	736.21
12396.0	928.27	-543.19	1105.29
12451.0	1316.26	-438.91	940.88
12506.0	-1137.78	49.47	2451.61
12562.0	-747.85	1146.02	3520.52
12617.0	-199.33	312.82	827.87
12672.0	124.16	308.94	1046.12
12727.0	245.4	295.84	652.79
12784.0	544.16	-183.33	1007.32
12838.0	381.68	-1132.93	509.24
12893.0	-455.89	-1604.82	729.91
12948.0	-658.13	-1443.81	2105.33
13003.0	727.97	-2378.86	1040.3
13058.0	1048.06	46.56	1059.21
13114.0	19.88	-120.28	1046.6
13169.0	41.71	98.45	1168.82
13224.0	307.48	-224.55	1079.1
13280.0	215.33	-248.8	884.62
13335.0	-63.53	-202.24	859.88
13390.0	-296.81	-604.29	995.19
13445.0	-274.02	-325.43	1000.53
13500.0	-109.12	-490.32	653.76
13556.0	486.93	-746.4	800.71
13611.0	601.87	-473.35	956.39
13666.0	-606.23	-143.56	1662.54
13721.0	-12.61	967.06	3184.91
13777.0	87.3	452.01	611.08
13832.0	163.93	287.6	1025.26
13887.0	371.99	330.76	244.43
13942.0	534.46	-30.07	1049.51
13997.0	306.03	-1095.59	680.44
14052.0	-410.78	-1620.34	429.21
14108.0	-751.73	-2832.81	-1074.73
14163.0	-129.01	-1522.86	1271.64
14218.0	816.72	-270.62	1190.16
14273.0	96.03	185.75	920.02
14328.0	98.45	-242.98	1242.05
14384.0	167.32	-398.17	1058.73
14440.0	208.54	-17.46	1115.47
14495.0	-56.74	-616.9	959.3
14550.0	-549.01	-740.09	1320.62
14605.0	-383.62	-264.8	692.56
14660.0	289.05	-695.47	601.87
14715.0	973.37	-624.66	1036.42
14770.0	-518.94	25.7	2232.88
14826.0	571.8	311.85	3563.69
14881.0	-82.45	64.02	694.02
14936.0	-43.16	244.43	929.24
14991.0	-13.58	517.0	6.3
15046.0	365.68	180.9	1190.16
15103.0	339.98	-495.66	790.53
15158.0	-64.02	-1511.71	1055.82
15213.0	-417.57	-1530.13	499.54
15267.0	-972.88	-2368.68	2224.64
15323.0	1269.21	-170.23	1018.96
15378.0	399.14	79.05	965.12
15433.0	1.94	-19.4	1281.82
15488.0	28.13	-578.59	1065.52
15543.0	16.0	-653.28	843.39
15599.0	-12.12	-385.56	979.67
15654.0	-89.72	-233.28	944.27
15709.0	-22.31	-420.48	977.73
15764.0	330.76	-651.82	798.77
15820.0	937.97	-753.19	1186.76
15875.0	1161.06	-619.81	793.44
15930.0	-1220.23	-161.5	1857.5
15986.0	-953.48	729.42	3159.69
16040.0	-229.4	476.26	979.67
16096.0	17.94	629.51	146.47
16151.0	280.32	507.3	668.8
16207.0	331.73	90.21	695.96
16262.0	98.94	-1111.59	883.16
16317.0	-571.8	-1534.5	1015.56
16372.0	-1293.46	-5016.22	2485.07
16427.0	1419.56	-662.49	971.43
16482.0	381.68	22.31	1208.1
16538.0	193.02	-40.25	868.13
16593.0	108.15	-493.23	936.51
16648.0	30.07	-410.78	795.38
16703.0	-177.02	-434.55	681.89
16758.0	-71.29	-479.17	1029.14
16813.0	-20.85	-361.8	1312.86
16869.0	307.0	-466.56	723.6
16924.0	1109.17	-620.3	628.54
16980.0	1190.16	-665.4	1231.38
17034.0	-1289.58	-243.46	2549.58
17089.0	-983.07	484.02	4405.14
17145.0	-371.99	626.6	227.94
17200.0	-113.49	438.91	671.71
17255.0	209.03	210.0	1214.89
17310.0	353.56	-353.07	765.79
17366.0	150.35	-1078.61	799.74
17421.0	-433.58	-1320.14	-1478.24
17476.0	-1043.69	-3609.76	3398.79
17531.0	1366.69	-328.82	965.61
17587.0	443.76	61.59	1004.89
17642.0	219.7	-168.78	818.17
17697.0	24.73	-174.6	890.44
17753.0	-162.96	-368.11	1134.39
17807.0	-390.9	-392.84	779.37
17863.0	-331.73	-372.47	875.4
17918.0	-99.42	-126.1	940.39
17973.0	32.98	-328.82	1112.56
18028.0	647.94	-482.56	745.43
18083.0	-243.46	-765.31	823.99
18139.0	-365.2	-144.04	3775.14
18194.0	206.6	585.38	2258.59
18249.0	157.62	36.37	1204.22
18304.0	-47.04	259.47	-445.7
18360.0	147.44	344.83	1402.1
18415.0	285.17	154.23	149.86
18470.0	232.79	-696.93	1182.4
18525.0	-254.13	-1460.78	601.87
18580.0	-466.07	-1340.99	75.17
18636.0	600.41	-2346.85	1340.02
18691.0	1019.44	32.49	929.24
18746.0	273.53	27.16	1191.61
18801.0	140.65	-209.03	887.04
18856.0	123.19	-402.54	1010.71
18912.0	-104.76	-397.69	936.03
18967.0	-274.02	-402.05	863.76
19022.0	-280.81	-262.86	487.9
19078.0	-66.93	-492.26	913.72
19133.0	225.52	-533.97	897.23
19188.0	576.16	-556.77	1094.13
19243.0	1230.41	-630.48	988.4
19298.0	-598.47	-287.11	1174.64
19354.0	-1050.0	435.52	3393.46
19409.0	-421.94	295.84	940.88
19464.0	-116.4	345.8	1050.97
19519.0	5.82	320.58	700.81
19574.0	457.83	102.33	747.37
19631.0	332.22	-714.39	584.41
19685.0	-336.58	-1577.18	258.01
19740.0	-879.28	-2101.93	-2357.04
19795.0	874.43	-653.28	925.84
19851.0	863.28	8.24	799.26
19906.0	272.08	-241.04	1325.47
19961.0	363.26	-211.45	1089.77
20016.0	272.56	-210.48	643.09
20071.0	-115.91	-163.93	937.0
20127.0	-336.58	-408.36	939.42
20182.0	-197.87	-376.84	735.24
20237.0	71.29	-486.44	1065.52
20292.0	450.07	-775.01	724.57
20347.0	1146.02	-826.42	1134.39
20403.0	-795.86	-615.45	1310.92
20458.0	-979.67	295.36	3888.14
20513.0	-79.54	617.87	995.68
20569.0	29.1	367.14	1305.59
20623.0	158.11	205.63	155.68
20679.0	173.14	218.24	784.22
20734.0	232.79	-504.39	919.54
20789.0	21.34	-1008.77	1527.71
20844.0	-859.88	-1333.71	306.03
20900.0	206.6	-2176.14	1097.53
20955.0	1106.26	-73.72	1027.69
21010.0	138.71	-152.77	923.42
21065.0	66.93	-13.09	1056.3
21121.0	67.9	-30.55	999.07
21176.0	-22.79	-299.72	1029.63
21231.0	-94.57	-407.87	832.72
21286.0	-36.37	-515.06	789.07
21341.0	99.91	-484.02	1059.7
21397.0	122.7	-284.2	798.29
21453.0	474.32	-644.06	722.15
21508.0	1405.01	-810.9	716.33
21562.0	-132.89	-886.56	1016.53
21617.0	-1306.56	1020.41	3321.19
21673.0	-634.36	590.23	598.96
21728.0	-348.71	562.59	-109.61
21783.0	-54.32	349.68	1274.06
21838.0	142.1	171.69	173.14
21894.0	277.41	-667.83	1222.17
21949.0	10.18	-1227.99	601.38
22004.0	-452.01	-1311.41	1126.14
22059.0	44.62	-1832.77	1015.08
22115.0	926.81	-125.61	1248.36
22170.0	-95.06	24.73	1289.1
22225.0	57.23	-295.84	1072.79
22280.0	661.04	-244.92	958.33
22335.0	576.16	-202.72	1086.37
22391.0	250.25	-241.52	871.52
22446.0	-396.23	-505.84	1023.81
22501.0	-413.21	-125.61	913.23
22556.0	-145.5	-461.71	800.71
22611.0	275.47	-565.98	793.92
22667.0	1063.58	-841.45	758.04
22722.0	-14.06	-642.61	945.73
22777.0	-990.83	263.35	3730.04
22832.0	-293.9	934.57	2111.63
22888.0	-166.84	209.51	76.63
22943.0	-116.4	355.98	-242.98
22998.0	226.0	331.73	1069.88
23054.0	279.35	-184.3	387.5
23108.0	-1.94	-1184.82	1136.33
23164.0	-740.58	-1841.01	-751.73
23219.0	-609.14	-1340.5	733.79
23274.0	1133.9	-373.44	966.58
23329.0	419.03	-57.23	991.8
23385.0	206.6	-135.31	910.81
23440.0	27.64	-332.7	935.06
23495.0	-186.72	-420.0	876.86
23550.0	-540.28	-417.57	879.77
23605.0	-401.08	-445.7	718.75
23661.0	51.41	-555.8	974.34
23716.0	276.44	-422.42	1326.93
23771.0	631.45	-598.47	623.21
23826.0	517.97	-468.98	969.49
23881.0	-421.45	-134.83	2337.15
23937.0	213.39	597.5	3515.67
23992.0	-276.44	471.89	178.48
24047.0	61.11	6.3	802.65
24103.0	127.55	195.93	142.59
24158.0	260.44	248.8	1339.53
24213.0	166.35	-292.45	341.43
24268.0	-143.56	-1405.98	957.85
24323.0	-724.09	-1910.36	-207.57
24378.0	-587.8	-2568.98	1788.63
24434.0	860.37	-443.76	995.19
24489.0	177.51	148.41	899.65
24544.0	204.66	-205.15	806.53
24599.0	239.58	-128.04	1001.01
24655.0	-27.64	-341.92	925.36
24711.0	-276.44	-396.72	872.01
24765.0	-230.85	-415.15	667.34
24820.0	-24.73	-416.6	697.9
24876.0	198.84	-398.66	807.02
24931.0	226.0	-366.65	741.55
24986.0	959.79	-735.73	979.67
25041.0	-150.83	-499.54	881.22
25096.0	-657.64	-63.05	3352.23
25152.0	16.0	654.73	1459.81
25207.0	-247.34	530.58	899.65
25262.0	-276.44	478.2	192.05
25317.0	91.66	536.4	1785.72
25372.0	289.54	245.4	684.8
25428.0	144.04	-855.03	1174.64
25483.0	-505.36	-1298.8	-221.15
25538.0	-647.94	-1541.77	326.88
25593.0	886.07	-1436.05	998.1
25649.0	923.9	-88.75	1050.97
25704.0	-19.88	-48.98	1047.57
25760.0	-398.66	-100.39	890.44
25814.0	-508.75	-269.65	821.57
25869.0	-178.96	-306.51	782.77
25924.0	-140.65	-466.56	968.03
25980.0	99.91	-533.0	751.73
26035.0	358.89	-464.13	1015.08
26090.0	310.88	-479.17	974.34
26146.0	290.02	-399.63	1011.68
26201.0	974.34	-579.07	1038.36
26256.0	-99.42	-699.84	1546.62
26311.0	-445.7	-311.85	3688.81
26366.0	-91.18	517.97	2596.62
26422.0	-166.35	173.14	151.32
26477.0	-18.43	330.28	726.51
26533.0	274.99	257.04	743.0
26588.0	143.56	-496.63	466.07
26642.0	-187.69	-1160.57	1212.95
26698.0	-540.76	-1101.41	-181.87
26753.0	-846.3	-2299.81	315.73
26809.0	1158.15	-537.37	1227.99
26863.0	465.59	44.13	1110.62
26918.0	47.53	-67.41	939.91
26974.0	119.31	-217.27	1166.88
27029.0	150.83	-216.3	892.38
27084.0	-24.73	-272.08	1019.93
27139.0	-325.43	-405.93	742.52
27195.0	-193.51	-528.15	842.42
27250.0	-78.08	-594.59	1098.5
27305.0	183.33	-606.72	918.08
27360.0	754.16	-691.11	852.12
27415.0	1047.57	-729.91	962.21
27471.0	-820.6	-210.48	2268.77
27526.0	-354.53	705.66	3699.97
27581.0	-202.24	456.37	1172.21
27636.0	213.39	193.02	526.7
27692.0	152.77	280.32	-55.29
27747.0	286.14	84.87	1071.82
27802.0	35.89	-646.49	482.56
27857.0	-193.02	-1185.79	1497.64
27913.0	-246.86	-1243.99	-339.98
27968.0	-510.21	-1721.22	1829.37
28023.0	1072.31	-356.95	982.1
28078.0	229.88	-54.32	959.3
28133.0	56.26	-101.36	886.56
28188.0	322.03	-222.61	821.08
28244.0	175.57	-335.13	917.6
28299.0	-59.17	-297.78	1032.54
28355.0	-318.64	-305.54	791.01
28409.0	-206.12	-322.52	928.75
28465.0	65.47	-510.21	985.98
28520.0	146.47	-333.19	962.7
28575.0	872.01	-719.72	820.6
28630.0	79.54	-373.93	784.71
28686.0	-852.61	-256.56	2280.9
28741.0	118.82	268.2	2409.42
28796.0	-45.59	-113.0	1059.21
28851.0	8.73	347.74	13.09
28906.0	153.74	511.18	828.84
28962.0	341.92	433.58	549.98
29017.0	165.38	-492.26	705.17
29072.0	-178.96	-1185.79	830.3
29127.0	-396.23	-1536.92	75.17
29183.0	-296.33	-2382.26	2309.02
29238.0	1286.67	-299.72	1111.59
29294.0	336.1	-102.82	1309.47
29348.0	-12.12	-176.05	959.79
29403.0	-109.12	-397.2	1373.97
29459.0	-33.46	-412.72	930.69
29514.0	-60.14	-403.99	1007.32
29569.0	-69.84	-484.99	1078.13
29624.0	-123.19	-534.46	1010.71
29679.0	93.6	-479.65	850.18
29735.0	451.52	-609.14	241.52
29790.0	1024.78	-548.04	752.22
29845.0	515.54	-512.63	826.42
29900.0	-976.76	-38.31	2857.06
29956.0	-592.65	726.51	2388.08
30011.0	-314.76	598.47	1409.37
30066.0	-62.56	558.71	-160.53
30121.0	227.94	278.87	1417.13
30177.0	400.6	-261.41	553.37
30233.0	125.13	-1086.86	809.93
30287.0	-198.84	-1356.02	-150.35
30342.0	-1016.53	-2272.17	215.82
30397.0	836.12	-1074.25	958.82
30453.0	256.07	-68.87	890.92
30508.0	182.36	-95.54	1255.15
30563.0	191.08	-72.26	788.59
30618.0	-25.22	-264.32	906.44
30673.0	-207.57	-306.51	895.77
30729.0	-388.47	-393.32	910.81
30784.0	-250.25	-421.45	944.27
30839.0	131.43	-581.01	739.12
30894.0	565.01	-548.52	918.57
30949.0	1266.79	-562.59	924.39
31005.0	155.68	-630.97	1150.87
31060.0	-815.75	-391.87	3039.9
31115.0	-395.75	909.35	1665.45
31170.0	-142.59	337.07	460.74
31226.0	-65.47	408.36	370.05
31281.0	200.78	89.72	1252.72
31337.0	170.72	-507.3	1.94
31391.0	147.44	-888.98	1260.0
31446.0	-157.62	-1126.63	-197.39
31502.0	-366.17	-1062.61	537.37
31557.0	-484.5	-2078.17	410.78
31612.0	1158.15	-423.39	1096.56
31668.0	338.04	187.21	1040.3
31723.0	-74.2	-190.12	879.28
31778.0	16.0	-156.17	868.61
31833.0	192.54	-321.55	890.44
31888.0	115.91	-314.27	875.89
31944.0	-19.88	-328.82	836.6
31999.0	-101.36	-355.01	993.74
32055.0	188.66	-366.65	488.38
32109.0	990.83	-506.33	967.55
32164.0	1268.24	-670.25	863.28
32219.0	-424.85	-436.97	1314.32
32275.0	-844.36	128.52	4709.71
32330.0	-630.97	445.22	-852.61
32385.0	-12.12	382.65	1712.01
32441.0	198.36	308.94	-71.29
32496.0	384.59	-36.86	506.33
32551.0	289.54	-875.4	655.22
32606.0	-151.8	-1651.38	498.57
32661.0	-1363.78	-1751.29	888.01
32717.0	1123.72	-761.43	889.47
32772.0	710.51	-29.1	1023.32
32827.0	415.63	-201.75	719.72
32882.0	232.79	-204.18	665.89
32938.0	165.38	-339.98	957.36
32993.0	-21.34	-392.84	834.66
33049.0	-186.72	-444.73	795.86
33103.0	-303.6	-549.49	783.74
33158.0	-25.22	-495.17	790.53
33214.0	448.13	-834.66	569.38
33269.0	1234.29	-522.82	1008.77
33324.0	-89.72	-463.16	1435.56
33379.0	-1144.08	132.89	3235.35
33434.0	-465.1	653.28	2576.74
33490.0	-132.89	503.9	1100.44
33545.0	-280.81	359.86	115.91
33600.0	32.49	215.33	1057.27
33656.0	74.2	-172.17	-33.95
33710.0	193.51	-791.5	991.8
33766.0	-18.91	-1247.39	-371.5
33821.0	-323.97	-1284.73	165.38
33876.0	-751.73	-2282.35	-2036.95
33931.0	987.92	-338.52	936.03
33987.0	375.87	448.13	1132.93
34042.0	51.41	-261.41	846.3
34097.0	-78.57	-274.99	1079.1
34152.0	-83.42	-233.28	914.2
34207.0	117.37	-371.99	979.19
34263.0	271.59	-277.41	912.26
34318.0	144.04	-274.99	906.93
34373.0	355.01	-320.58	1066.49
34428.0	-212.42	-532.52	1079.1
34484.0	394.29	-630.48	868.61
34539.0	80.99	-487.9	761.92
34594.0	-487.9	-466.56	1871.57
34649.0	83.42	130.95	3616.55
34704.0	-15.03	417.09	936.51
34760.0	109.12	369.56	683.83
34815.0	48.01	290.51	453.95
34870.0	101.36	411.75	403.51
34925.0	202.24	-266.74	286.63
34980.0	72.26	-1099.95	-165.87
35036.0	-665.4	-1782.81	-1976.81
35091.0	961.73	-1895.33	694.99
35146.0	1037.87	-56.26	1094.62
35201.0	391.87	-54.8	704.2
35257.0	124.16	-276.93	877.83
35312.0	124.16	-304.57	1181.43
35367.0	133.86	-419.51	985.98
35422.0	102.33	-375.38	1195.49
35477.0	148.89	-195.45	840.0
35533.0	101.85	-618.36	891.41
35588.0	-177.51	-425.82	862.31
35644.0	-93.6	-449.58	1064.06
35698.0	1013.14	-590.23	632.91
35753.0	59.17	-533.49	823.99
35809.0	-543.19	-390.41	2146.07
35864.0	-141.13	762.4	2111.63
35919.0	-182.84	238.13	983.55
35975.0	-162.96	301.66	392.84
36030.0	33.95	344.83	948.15
36085.0	253.65	271.59	365.2
36140.0	255.1	-428.73	568.89
36195.0	-73.23	-1257.57	906.44
36251.0	-415.63	-1533.04	1472.42
36306.0	-1472.42	-1439.44	1044.66
36361.0	1455.93	-192.05	946.7
36416.0	326.4	104.76	894.32
36471.0	193.02	-157.14	859.88
36527.0	263.35	-375.87	1052.91
36582.0	226.49	-273.05	838.06
36637.0	-77.11	-627.57	927.3
36692.0	-355.98	-557.74	814.29
36747.0	-371.02	-406.42	1003.44
36803.0	122.22	-469.95	653.76
36858.0	387.02	-734.27	626.12
36913.0	1252.72	-624.18	804.59
36968.0	-196.42	-543.19	1371.06
37024.0	-648.43	-105.24	2736.3
37079.0	-23.76	817.2	1890.97
37134.0	-390.41	495.66	353.56
37189.0	-206.6	563.56	956.39
37244.0	147.92	526.21	202.24
37301.0	258.98	-238.61	664.92
37356.0	32.49	-1008.29	168.78
37410.0	-633.88	-1481.64	-983.07
37465.0	-819.63	-2245.49	664.43
37521.0	1405.49	-465.1	1056.79
37576.0	413.21	-161.5	764.82
37631.0	-32.49	-285.17	859.88
37686.0	84.39	-154.23	865.22
37741.0	291.48	-302.63	777.92
37797.0	360.83	-301.18	856.97
37852.0	200.3	-254.13	918.08
37907.0	-174.11	-135.31	949.61
37962.0	-203.69	-251.71	1213.44
38018.0	39.28	-583.92	1284.73
38073.0	868.61	-586.83	863.76
38128.0	598.47	-673.65	877.83
38183.0	-846.79	156.17	2649.0
38238.0	-490.32	734.27	2829.9
38294.0	-380.72	71.29	332.22
38349.0	-120.76	427.76	423.39
38404.0	-37.83	448.61	472.86
38459.0	274.99	268.68	1170.27
38515.0	110.58	-533.0	230.85
38570.0	-193.02	-1161.54	1010.71
38625.0	-203.21	-1175.61	-1267.76
38680.0	30.55	-1745.95	537.85
38735.0	1257.09	-1108.2	994.71
38790.0	885.59	-29.1	1112.08
38846.0	-184.78	-93.12	836.12
38901.0	-55.29	-143.56	931.66
38956.0	62.56	-288.08	1134.87
39011.0	192.54	-352.59	901.11
39067.0	189.15	-177.02	985.98
39122.0	100.39	-285.66	1020.41
39177.0	219.7	-339.49	897.71
39232.0	119.79	-400.11	1061.15
39287.0	-124.16	-198.36	648.91
39343.0	212.42	-466.56	883.16
39398.0	1003.92	-632.42	946.21
39453.0	-5.82	-573.74	1642.65
39508.0	-655.7	610.11	2567.04
39564.0	-198.36	453.95	1515.59
39619.0	-206.12	400.11	-5.33
39674.0	74.2	437.46	903.53
39730.0	280.32	245.89	626.12
39784.0	218.73	-484.5	1033.99
39840.0	-69.35	-1236.72	685.29
39895.0	-315.24	-1294.43	-671.22
39950.0	22.79	-1627.13	1705.22
40005.0	1236.23	-184.3	946.21
40061.0	233.28	-117.37	953.48
40116.0	-5.33	-124.16	1096.56
40171.0	169.26	-206.6	1158.15
40226.0	132.89	-265.29	977.73
40282.0	189.15	-270.14	980.16
40337.0	-66.93	-293.42	923.42
40392.0	-210.0	-366.17	872.49
40447.0	-186.24	-492.75	537.37
40502.0	222.12	-590.71	501.96
40558.0	311.85	-825.45	904.5
40614.0	781.31	-703.23	898.2
40668.0	-178.96	-353.56	1122.75
40723.0	-106.21	119.79	2738.24
40778.0	72.75	467.53	1958.38
40834.0	-178.96	370.53	76.14
40890.0	-180.9	295.36	769.19
40944.0	158.59	209.03	885.1
40999.0	131.92	-65.47	463.65
41055.0	21.82	-1010.23	727.48
41110.0	-72.75	-1239.63	-419.51
41165.0	-520.88	-1304.62	348.22
41220.0	675.59	-1234.29	969.0
41275.0	789.07	19.4	1188.7
41331.0	261.41	-198.36	1486.49
41386.0	-0.97	-120.76	1208.59
41441.0	3.39	-289.54	968.52
41496.0	126.1	-165.87	848.24
41551.0	59.17	-326.88	837.57
41607.0	-29.1	3.88	646.49
41662.0	-104.27	-310.39	1130.51
41717.0	134.83	-396.72	824.96
41773.0	-44.13	10.67	960.27
41827.0	292.93	-181.87	1742.56
41884.0	998.1	-502.45	1813.85
