Time	Yaw	Pitch	Roll
12000.0	524.76	1285.7	2029.19
12008.0	746.88	1096.07	1043.21
12016.0	510.69	1045.15	1096.07
12024.0	516.03	1099.95	575.68
12031.0	736.21	887.53	1528.68
12039.0	567.44	735.73	-2200.39
12047.0	253.65	590.23	4655.39
12055.0	1262.42	687.71	-3618.98
12063.0	-488.87	985.01	7049.77
12071.0	636.79	430.67	-3193.64
12078.0	96.51	934.09	3358.05
12087.0	-2503.02	818.66	607.2
12094.0	-1898.24	1500.07	3772.23
12102.0	-1260.48	849.21	2623.78
12110.0	-557.74	206.6	1435.08
12118.0	32.49	464.62	-311.85
12125.0	397.2	324.46	489.35
12133.0	838.54	-70.81	900.62
12141.0	-158.11	-459.77	6560.91
12149.0	-1189.67	-253.65	1278.91
12158.0	456.86	-183.81	321.06
12165.0	292.45	2.91	1295.4
12173.0	241.52	-314.27	1479.21
12180.0	135.8	-438.43	663.95
12188.0	25.7	-199.81	932.15
12196.0	-208.54	147.92	1144.57
12204.0	-212.42	236.19	1809.49
12212.0	-90.21	476.74	1809.49
12220.0	-191.57	-263.35	1116.93
12228.0	-252.19	-309.42	876.37
12235.0	-155.68	109.12	1002.95
12243.0	-189.63	10.67	947.18
12251.0	-330.76	630.48	1782.33
12259.0	-357.92	505.84	1354.57
12267.0	-365.2	478.68	973.85
12274.0	-308.45	703.72	1191.61
12282.0	-493.72	495.66	1012.65
12290.0	-471.41	-443.28	1641.68
12298.0	-575.19	525.73	998.1
12306.0	-529.61	258.98	837.57
12314.0	-389.44	62.56	1143.11
12321.0	-506.81	64.02	983.07
12329.0	-512.63	392.84	810.41
12337.0	-431.15	109.61	1002.47
12345.0	-354.53	238.61	1301.22
12353.0	-284.69	274.5	571.8
12361.0	-233.28	219.7	1034.48
12369.0	-128.04	-106.21	959.3
12377.0	-3.39	71.78	936.51
12384.0	-6.3	175.57	1023.81
12392.0	111.55	157.14	1008.77
12400.0	290.51	17.94	354.53
12408.0	242.49	-29.1	748.82
12416.0	248.8	273.05	991.31
12423.0	319.12	148.89	1349.23
12431.0	221.15	322.03	881.22
12439.0	229.88	207.57	985.01
12447.0	150.35	142.1	878.31
12455.0	113.0	244.43	1226.53
12462.0	66.44	13.09	895.77
12470.0	77.11	38.8	1545.17
12478.0	172.17	196.42	1040.3
12486.0	93.6	328.82	1204.22
12494.0	112.52	262.86	873.95
12502.0	37.83	287.11	882.19
12509.0	-67.9	305.54	1196.46
12518.0	-163.44	305.54	1115.47
12525.0	-179.93	221.15	1049.03
12533.0	-234.73	260.44	1025.75
12541.0	-212.42	25.7	1178.03
12549.0	-104.76	188.66	1418.59
12556.0	-142.59	149.38	1058.73
12564.0	-103.79	233.28	1140.69
12572.0	57.23	9.21	1121.29
12580.0	29.1	-98.45	830.78
12588.0	85.36	184.3	642.61
12596.0	215.82	312.33	1082.01
12603.0	249.28	628.54	721.18
12612.0	267.71	486.93	859.88
12619.0	146.47	166.35	1298.31
12627.0	257.04	307.0	646.49
12635.0	310.39	55.29	1239.14
12643.0	271.11	299.72	451.04
12651.0	427.76	136.77	1421.98
12658.0	318.15	63.53	1292.49
12666.0	450.07	476.26	571.8
12674.0	272.56	629.03	625.63
12682.0	313.3	407.39	639.21
12690.0	179.93	286.63	804.59
12698.0	249.28	575.68	1174.15
12705.0	147.44	141.62	351.62
12714.0	117.37	258.5	895.77
12721.0	21.34	584.41	886.07
12729.0	107.67	274.99	928.75
12737.0	-98.94	257.53	845.33
12745.0	-216.3	286.63	1267.27
12752.0	-61.59	322.03	349.19
12760.0	-180.42	342.89	1193.55
12768.0	-343.37	849.7	748.34
12776.0	-146.95	277.41	888.01
12784.0	-316.7	370.05	288.57
12792.0	-330.76	22.79	301.18
12799.0	-379.26	390.9	247.83
12807.0	-186.24	444.73	192.05
12815.0	-198.84	693.05	1303.65
12823.0	-512.63	396.72	-212.42
12831.0	-178.96	768.22	699.84
12839.0	-129.98	435.03	627.09
12846.0	-309.91	298.75	1179.49
12854.0	-214.85	598.96	-290.51
12862.0	193.51	808.47	1180.94
12870.0	111.06	389.44	1452.05
12878.0	207.09	370.53	895.77
12886.0	391.38	305.54	744.46
12893.0	662.98	797.32	1124.2
12901.0	776.95	437.46	838.06
12909.0	870.55	590.71	944.27
12917.0	926.81	436.49	1007.8
12925.0	448.61	492.75	916.63
12933.0	-145.01	152.77	650.37
12940.0	-674.62	202.24	1151.36
12948.0	-920.99	205.15	1447.69
12956.0	-1104.8	402.54	1434.59
12964.0	-1025.26	367.14	213.39
12972.0	-892.38	1375.42	292.45
12981.0	-780.83	1078.61	1163.48
12987.0	-529.61	281.78	2167.89
12995.0	-654.25	915.66	524.76
13003.0	-218.24	792.47	4191.26
13011.0	-40.74	398.66	2326.97
13019.0	-113.0	347.25	4874.61
13026.0	450.55	244.43	4765.48
13034.0	1206.16	-778.89	4807.68
13042.0	1124.69	-1532.56	4909.04
13050.0	1343.41	-819.63	5460.96
13058.0	1061.15	-1315.77	4778.09
13066.0	445.7	-620.78	1795.42
13074.0	-179.45	-587.32	-1266.79
13081.0	-527.18	-520.39	402.54
13089.0	-194.96	-535.43	1988.45
13097.0	-57.23	-451.52	1070.37
13105.0	-207.57	-601.38	-443.28
13113.0	-605.75	-432.61	-929.24
13120.0	-463.65	69.35	-903.05
13129.0	-194.96	-47.04	-47.04
13136.0	-220.18	-16.49	695.96
13144.0	-416.12	-338.52	-1611.61
13152.0	-625.63	-182.84	-1949.65
13160.0	-476.26	-285.66	112.52
13167.0	-140.16	-57.71	2578.68
13175.0	184.3	-52.38	2070.41
13184.0	113.49	1.94	1238.17
13191.0	10.67	-106.21	881.22
13199.0	48.98	-111.55	1333.23
13207.0	205.63	-137.25	1927.82
13215.0	181.87	-129.49	1622.28
13222.0	32.98	-119.31	-72.75
13231.0	13.58	-323.97	-654.73
13238.0	116.88	-195.45	1036.42
13246.0	370.53	-149.86	1780.87
13254.0	456.37	-134.34	869.58
13261.0	370.05	-75.66	153.74
13270.0	297.3	-150.83	382.65
13277.0	424.85	-210.97	1040.78
13286.0	560.65	-193.99	1622.28
13293.0	486.44	-149.38	1241.57
13301.0	359.86	-323.97	118.82
13309.0	447.16	743.49	-454.92
13316.0	458.31	-196.42	1547.59
13324.0	634.85	1878.36	3342.05
13332.0	111.06	-3541.86	-1866.72
13340.0	4.85	-3116.53	2327.45
13348.0	96.51	-3527.8	-2552.49
13357.0	-96.51	-1934.61	4209.2
13363.0	382.17	2457.43	80.51
13371.0	223.09	3472.02	2475.86
13379.0	215.33	2670.34	-237.64
13387.0	3.39	-174.6	2431.24
13395.0	-151.8	-1191.13	1249.33
13403.0	-18.91	-714.87	421.45
13411.0	-26.19	1259.51	533.0
13418.0	195.45	2491.38	1845.86
13426.0	429.21	2686.83	1504.43
13434.0	419.03	1748.38	474.8
13442.0	-82.45	461.71	2360.43
13449.0	29.1	228.91	-303.12
13457.0	60.62	938.45	13.09
13465.0	210.97	2018.52	2355.58
13473.0	209.51	2536.97	1387.06
13481.0	335.61	2161.59	223.09
13490.0	281.78	1379.3	860.85
13496.0	136.77	827.87	2213.48
13504.0	366.17	1023.32	253.65
13512.0	275.47	1477.27	1555.84
13520.0	223.58	1795.91	1287.16
13528.0	161.99	1722.67	712.45
13536.0	314.76	1300.25	636.3
13544.0	170.23	893.35	1904.06
13551.0	185.27	806.53	826.9
13559.0	252.68	951.06	34.92
13567.0	186.72	1001.98	1544.68
13575.0	274.99	999.56	1237.69
13583.0	364.71	872.49	948.15
13591.0	426.3	631.94	512.15
13599.0	394.29	490.81	1040.3
13606.0	173.63	380.23	530.58
13614.0	4.85	324.46	184.3
13622.0	42.19	313.3	-1209.07
13630.0	-150.35	280.81	202.24
13638.0	32.01	180.42	996.16
13646.0	53.35	335.13	5155.9
13653.0	587.8	405.45	3672.32
13661.0	-243.95	362.77	754.64
13669.0	-1232.35	-616.42	-1001.5
13677.0	-720.69	-512.63	3865.83
13684.0	-552.89	999.07	1351.17
13693.0	-1126.14	113.0	1271.15
13700.0	-2133.46	1236.23	3833.82
13708.0	-1528.19	500.99	2373.04
13716.0	-26.19	17.94	661.04
13724.0	263.35	321.06	909.35
13732.0	166.84	368.59	1452.05
13740.0	328.82	339.98	854.06
13747.0	396.72	595.56	1424.41
13755.0	104.27	48.98	1548.56
13763.0	279.35	-36.86	1066.97
13771.0	193.51	754.16	829.33
13779.0	-12.61	560.16	848.73
13786.0	-115.91	548.04	1710.07
13794.0	-205.15	-181.39	849.21
13802.0	-308.45	-68.87	1029.14
13810.0	-352.1	287.11	1734.8
13818.0	-405.93	52.38	978.7
13826.0	-400.6	358.89	1134.39
13834.0	-235.7	293.42	762.4
13841.0	-312.82	520.88	1032.54
13849.0	-310.88	205.63	1138.75
13857.0	-307.48	111.55	855.52
13865.0	-300.69	126.58	957.85
13873.0	-321.55	40.74	926.33
13881.0	-294.87	101.36	580.04
13888.0	-219.21	195.45	1086.37
13896.0	-139.68	-221.15	973.85
13904.0	-98.94	35.4	1096.56
13912.0	-147.44	40.74	949.61
13920.0	-45.59	9.7	1066.97
13928.0	-83.9	-49.95	1150.87
13935.0	-52.38	-47.53	858.91
13943.0	-89.24	-8.24	1011.68
13951.0	-114.46	95.54	1091.71
13959.0	-63.53	61.59	1087.34
13967.0	-77.6	12.61	986.46
13974.0	18.91	167.81	1306.07
13982.0	-95.54	403.51	1120.81
13990.0	11.64	32.98	1119.84
13998.0	5.33	436.49	913.72
14006.0	-2.42	221.15	1175.61
14014.0	25.7	393.81	532.03
14021.0	93.12	4.85	1069.4
14029.0	62.56	259.95	981.61
14037.0	69.35	245.89	1196.46
14045.0	236.67	356.47	936.03
14053.0	142.1	306.51	1038.36
14061.0	154.23	106.7	887.53
14069.0	77.6	167.32	1122.26
14076.0	155.2	88.27	911.78
14084.0	226.49	1.45	845.33
14092.0	265.29	97.48	727.0
14100.0	330.76	-139.19	719.72
14108.0	295.84	140.16	1001.5
14116.0	241.52	61.59	943.3
14123.0	161.99	5.33	1167.36
14131.0	164.41	24.73	1317.23
14139.0	-43.16	-61.11	1052.91
14147.0	-199.33	-53.83	1141.66
14155.0	-215.33	378.29	922.93
14162.0	-86.81	375.87	1095.59
14170.0	-42.19	-23.28	1165.91
14178.0	22.31	305.54	934.57
14186.0	35.4	42.19	1119.84
14194.0	44.13	256.56	1133.42
14202.0	13.58	434.55	1126.63
14210.0	50.44	453.95	995.68
14218.0	267.23	281.78	1422.47
14225.0	182.84	91.18	990.34
14233.0	94.57	-34.92	1011.2
14241.0	74.2	37.83	756.1
14249.0	66.44	157.62	1114.99
14257.0	17.94	-7.76	861.34
14264.0	157.62	228.91	931.18
14272.0	133.37	79.05	-98.45
14280.0	179.45	165.38	863.28
14288.0	39.28	410.3	1338.08
14296.0	-13.58	247.34	556.28
14304.0	235.7	371.5	806.05
14312.0	99.42	139.68	1039.33
14319.0	-64.99	286.63	1385.12
14328.0	-68.38	218.73	1188.22
14335.0	-276.44	20.85	1424.89
14343.0	-487.41	19.4	1461.75
14350.0	-389.44	435.52	644.06
14358.0	-437.94	244.92	1199.86
14366.0	-334.64	479.17	677.53
14374.0	-297.3	-167.81	522.82
14382.0	-391.87	-343.86	1698.91
14390.0	-355.98	709.05	827.87
14398.0	-563.56	-1250.3	1399.19
14405.0	-254.13	662.01	335.13
14414.0	-362.77	-479.65	1194.52
14421.0	-511.18	-34.92	439.88
14429.0	-495.17	59.65	709.05
14437.0	-728.94	-230.85	1262.91
14445.0	-624.66	513.6	1400.16
14453.0	-433.58	389.93	881.71
14460.0	-253.65	317.18	877.83
14468.0	-39.77	889.95	933.6
14476.0	-11.15	453.95	731.85
14484.0	-9.7	665.4	389.44
14493.0	343.86	602.84	1660.11
14499.0	363.74	714.39	1062.12
14507.0	476.74	332.22	879.28
14515.0	666.37	501.96	1659.63
14523.0	856.97	809.93	1630.53
14531.0	856.0	665.4	253.65
14539.0	1229.93	955.91	1123.72
14547.0	1222.17	233.28	1024.78
14554.0	965.61	334.16	1362.81
14562.0	155.2	187.69	716.81
14570.0	-366.17	799.26	719.24
14578.0	-779.37	577.62	1007.32
14585.0	-955.42	354.53	1020.9
14594.0	-933.6	192.54	1161.06
14601.0	-204.66	1134.39	1404.52
14609.0	-197.39	853.58	-344.34
14617.0	-261.89	1515.59	1334.2
14625.0	-621.27	61.11	1957.41
14633.0	-222.61	-210.48	1173.18
14641.0	-105.73	765.31	2891.49
14649.0	-209.51	1312.38	2418.63
14656.0	373.44	-1210.53	2537.45
14664.0	230.85	-556.77	4345.97
14672.0	480.14	-656.67	1847.32
14679.0	1066.0	-3583.09	4797.98
14687.0	985.98	132.89	6248.58
14695.0	1344.87	-1160.57	5516.73
14703.0	746.88	21.34	1643.62
14711.0	12.12	-594.59	332.22
14719.0	-365.2	-509.72	-1079.58
14726.0	94.09	-863.28	1414.71
14735.0	611.08	-711.48	2374.98
14742.0	389.44	-203.69	229.88
14750.0	-3.39	-26.67	-1836.65
14758.0	-300.21	111.06	-276.44
14766.0	37.34	175.57	2204.27
14773.0	300.21	322.52	1281.34
14781.0	76.63	228.43	-201.75
14790.0	-434.06	-103.79	-2021.91
14797.0	-791.5	-107.67	-1682.91
14805.0	-669.77	118.82	268.68
14813.0	-496.14	225.52	2005.91
14820.0	-260.44	351.13	522.82
14828.0	-242.49	154.71	175.08
14836.0	-114.94	83.42	2364.31
14844.0	92.63	121.73	2926.9
14852.0	210.0	161.02	1852.65
14861.0	43.65	86.81	-137.74
14868.0	-218.24	64.02	-470.44
14875.0	6.79	108.15	105.24
14883.0	182.84	29.1	1955.47
14891.0	295.36	-28.61	1197.43
14899.0	264.8	-3795.51	-3036.02
14907.0	584.89	-328.34	-12.61
14915.0	577.13	531.55	2212.03
14922.0	630.97	1017.5	2940.48
14930.0	237.16	592.65	-521.36
14938.0	-357.44	-500.99	-3928.88
14946.0	276.93	-850.67	1303.65
14954.0	38.8	-83.42	4516.69
14962.0	450.55	992.77	-77.6
14969.0	-125.61	516.51	-544.16
14977.0	74.69	-307.97	636.3
14985.0	-14.55	-874.43	2480.71
14994.0	474.32	-853.58	1940.92
15001.0	162.96	-281.29	970.94
15009.0	-118.34	401.57	-3.88
15016.0	17.46	694.99	154.23
15024.0	62.08	640.67	2356.55
15032.0	279.35	411.75	1970.5
15040.0	-16.97	365.2	613.99
15048.0	-48.98	413.69	-335.61
15056.0	-154.71	590.71	1418.59
15063.0	110.58	834.66	2150.92
15071.0	141.13	1195.01	2015.12
15080.0	-874.92	996.16	-709.05
15087.0	120.28	1207.62	-291.96
15095.0	-119.79	1279.4	4501.65
15103.0	55.77	2196.02	607.2
15111.0	422.91	1674.18	923.42
15118.0	32.49	1440.9	880.25
15126.0	438.43	1231.38	788.1
15134.0	413.69	910.81	1094.62
15142.0	624.66	1016.05	1870.11
15150.0	438.43	1130.51	1778.45
15157.0	521.85	1200.83	-794.89
15165.0	471.89	1154.27	1267.27
15173.0	446.19	988.4	864.73
15181.0	630.97	1008.77	1035.45
15189.0	565.5	951.55	-73.72
15197.0	684.8	695.47	641.64
15204.0	1040.3	608.66	-1171.73
15212.0	608.17	1089.28	2264.41
15220.0	845.82	832.24	-212.91
15228.0	660.07	1144.57	-1034.96
15236.0	332.22	668.8	-559.19
15244.0	149.86	522.33	5593.36
15252.0	1085.89	978.7	4530.75
15259.0	1357.48	1450.6	1771.66
15267.0	576.16	668.31	2744.54
15275.0	178.48	106.21	-209.03
15283.0	-8.24	559.19	-859.4
15291.0	-729.91	930.69	148.41
15299.0	-605.26	727.97	3068.51
15306.0	-850.18	644.06	2918.65
15314.0	-1150.39	374.41	1174.15
15322.0	-484.02	383.14	1434.59
15330.0	-311.85	357.44	303.12
15338.0	-210.0	528.64	289.54
15346.0	55.29	742.52	485.96
15354.0	91.66	605.75	547.55
15361.0	58.68	519.42	735.73
15369.0	62.56	67.9	1170.27
15377.0	-394.29	-382.65	1821.61
15385.0	-982.58	-167.32	2055.38
15393.0	-286.14	-84.39	1205.68
15400.0	52.86	-46.56	852.61
15408.0	-58.68	109.12	1116.44
15416.0	-310.88	192.05	1390.46
15424.0	-250.74	-43.65	1253.21
15432.0	-383.14	161.5	1690.18
15440.0	-291.48	-187.21	1066.0
15447.0	-294.87	220.67	1205.68
15455.0	-426.79	653.28	866.19
15463.0	-366.65	1163.48	1133.9
15471.0	-312.82	548.52	858.91
15479.0	-317.18	-248.8	1507.83
15486.0	-277.41	47.04	839.51
15495.0	-221.15	122.22	834.66
15502.0	-173.63	-142.1	1278.43
15510.0	-385.08	361.8	725.54
15518.0	-369.56	-151.32	475.29
15526.0	-368.11	-231.34	1858.96
15534.0	-320.09	401.08	671.22
15541.0	-151.8	188.66	1329.84
15549.0	-327.37	-508.75	1491.82
15557.0	-217.76	120.76	958.33
15565.0	-212.91	-78.08	860.85
15573.0	-91.66	857.94	1086.86
15581.0	-82.45	1098.5	890.92
15588.0	-166.84	517.48	868.13
15596.0	-97.48	334.16	895.77
15604.0	0.97	403.02	1532.07
15612.0	-10.67	267.23	901.11
15620.0	209.03	40.74	888.5
15628.0	208.54	-356.47	1001.5
15636.0	139.68	61.11	698.87
15643.0	179.93	28.13	1013.62
15652.0	177.51	297.3	893.35
15659.0	149.38	276.93	1264.85
15667.0	141.13	396.72	931.66
15675.0	158.11	203.69	987.43
15682.0	62.56	296.81	862.79
15690.0	38.31	218.73	630.48
15698.0	106.21	310.39	897.71
15706.0	60.62	290.51	1133.42
15714.0	-8.73	581.5	771.61
15722.0	-38.31	104.76	974.82
15729.0	-16.0	373.93	712.45
15737.0	-147.92	-100.39	819.63
15745.0	-161.99	304.57	1285.22
15753.0	-151.32	211.45	323.0
15761.0	-193.51	102.82	1116.93
15768.0	-221.64	393.32	1098.01
15777.0	-65.47	375.38	1097.53
15784.0	-39.77	266.74	390.41
15792.0	-121.25	140.16	850.18
15800.0	-285.17	16.49	812.84
15808.0	-266.74	48.01	1064.55
15816.0	-247.34	-215.82	851.64
15823.0	-131.43	275.47	1102.38
15831.0	28.61	482.56	1509.77
15839.0	185.75	-7.76	1381.24
15847.0	226.0	194.96	983.55
15855.0	181.39	201.75	593.14
15862.0	190.6	253.16	1228.47
15870.0	74.69	124.16	219.7
15878.0	240.07	89.24	762.89
15886.0	132.4	369.08	612.54
15894.0	494.2	218.73	1116.93
15902.0	281.78	425.82	1391.43
15909.0	292.93	226.0	1136.81
15918.0	389.44	316.7	906.44
15925.0	326.4	646.49	1809.0
15933.0	248.31	710.02	1195.01
15941.0	208.06	281.29	2012.21
15949.0	344.34	277.9	1028.66
15956.0	161.5	160.05	1037.87
15964.0	254.62	549.49	897.71
15972.0	112.03	56.74	242.49
15980.0	9.21	1294.92	1828.89
15988.0	-71.29	502.93	-300.69
15996.0	-143.56	556.28	807.99
16003.0	-125.13	456.86	1088.8
16011.0	-88.75	755.13	1063.09
16019.0	-90.21	87.78	709.05
16028.0	-266.74	311.85	-34.92
16036.0	-225.03	824.96	444.73
16043.0	-108.15	898.68	1090.25
16051.0	-90.69	281.29	1337.11
16058.0	-26.67	422.42	334.16
16066.0	251.22	625.63	904.02
16074.0	288.57	596.53	1606.76
16082.0	275.96	745.43	984.04
16090.0	-96.03	-102.82	145.01
16098.0	210.97	980.16	895.29
16105.0	442.31	789.07	899.65
16113.0	759.98	959.3	491.78
16121.0	385.08	773.55	178.48
16129.0	371.99	187.69	829.33
16137.0	815.75	533.49	605.26
16145.0	970.94	751.25	766.28
16152.0	1092.19	649.88	759.49
16160.0	1177.06	1215.86	1028.17
16168.0	1131.48	563.56	1070.85
16176.0	803.14	611.57	813.81
16184.0	171.2	682.38	1635.38
16193.0	-150.35	-17.46	872.49
16200.0	-473.35	670.25	682.38
16207.0	-647.94	337.55	1117.9
16215.0	-734.27	233.28	1102.86
16223.0	-515.06	1193.07	-36.37
16231.0	-252.68	1429.74	2391.96
16239.0	-458.31	231.82	4179.62
16246.0	-172.66	-600.41	2702.83
16254.0	-205.15	436.97	2940.48
16262.0	-712.45	892.38	2765.4
16270.0	-1048.06	770.64	5319.83
16279.0	-433.58	1004.89	5351.35
16285.0	463.65	-1370.57	3501.61
16293.0	-70.32	-1030.11	6034.7
16301.0	577.62	-576.65	5700.06
16309.0	-161.5	-1899.7	3089.85
16317.0	-509.72	-1226.53	534.94
16325.0	-1209.56	-1171.73	-463.16
16333.0	-910.81	-238.13	-228.91
16340.0	-474.8	65.47	1332.26
16348.0	-247.34	244.92	1260.0
16356.0	-334.64	102.82	-381.2
16365.0	-590.71	-222.61	-1560.69
16372.0	-347.25	-540.28	664.43
16380.0	-106.21	-148.89	1769.23
16388.0	133.86	320.09	803.62
16395.0	-137.74	415.15	-685.77
16403.0	-365.2	89.72	-751.73
16411.0	-296.33	-210.48	441.82
16420.0	-106.21	-221.15	1414.22
16427.0	7.27	-51.41	1283.76
16434.0	-78.08	83.42	-477.71
16442.0	-43.16	108.64	-33.46
16450.0	108.15	-50.92	1422.95
16459.0	363.26	-35.4	2254.71
16466.0	394.78	94.57	832.24
16474.0	250.25	83.42	142.1
16481.0	186.72	44.13	370.53
16489.0	334.16	122.22	1086.86
16498.0	492.26	201.75	1617.43
16505.0	364.71	193.51	677.53
16513.0	254.62	97.0	-252.19
16521.0	206.6	32.49	-77.6
16529.0	321.55	-7.76	1412.77
16536.0	391.87	50.92	1203.25
16544.0	305.54	114.46	407.87
16552.0	181.87	81.96	-34.43
16560.0	146.95	-19.88	666.86
16568.0	296.33	-12.12	1320.14
16575.0	304.09	98.45	1353.6
16583.0	196.9	145.5	647.46
16591.0	85.84	139.19	25.7
16599.0	133.37	189.15	920.51
16607.0	229.88	225.03	1564.08
16615.0	250.74	330.28	1338.08
16623.0	199.33	331.25	475.29
16630.0	82.45	419.51	713.9
16638.0	126.58	496.14	1146.02
16646.0	193.99	473.35	1501.04
16654.0	222.12	559.68	1232.35
16662.0	143.07	735.73	688.2
16670.0	125.13	618.84	702.26
16677.0	226.97	641.64	1298.31
16685.0	307.0	730.39	1768.75
16693.0	320.09	749.79	1199.37
16701.0	252.68	794.41	882.68
16709.0	242.49	807.99	988.4
16716.0	290.51	832.24	1418.59
16724.0	346.77	875.89	1420.53
16732.0	296.81	916.14	1124.69
16740.0	243.46	864.73	686.74
16749.0	268.68	872.49	846.79
16756.0	347.25	959.3	1384.64
16763.0	376.35	945.73	1420.53
16771.0	333.19	899.65	993.25
16779.0	329.31	1213.92	416.12
16787.0	208.54	1001.98	2049.07
16795.0	408.36	864.73	1690.67
16803.0	319.61	937.0	1412.77
16810.0	299.24	885.1	1223.62
16818.0	383.62	836.12	789.07
16826.0	328.82	879.28	694.02
16834.0	488.87	927.78	817.2
16842.0	481.11	915.66	1440.41
16850.0	580.53	893.35	667.34
16858.0	665.4	220.67	61.11
16865.0	1092.19	886.07	142.59
16874.0	383.14	1365.72	1896.3
16881.0	517.97	629.51	-1884.18
16889.0	420.48	963.67	2891.01
16897.0	647.94	1122.75	2815.35
16904.0	926.33	783.25	2404.08
16912.0	371.5	712.45	2517.57
16920.0	44.62	844.36	727.48
16928.0	-202.72	716.81	627.57
16936.0	-1098.5	578.1	-253.16
16944.0	-815.75	467.04	2268.29
16952.0	-642.61	734.27	1758.56
16959.0	-681.89	-94.57	1290.55
16967.0	8.24	212.91	1248.84
16975.0	172.66	-74.2	1206.16
16983.0	-43.16	277.9	1321.59
16991.0	-76.14	-58.68	1179.97
16998.0	269.17	10.67	1084.43
17006.0	81.48	-323.49	946.21
17014.0	190.12	-114.46	884.62
17022.0	70.81	-419.51	1251.75
17031.0	-48.5	-25.22	1255.63
17038.0	-151.8	14.55	1266.79
17046.0	-354.53	-355.01	567.44
17054.0	-484.5	-490.81	1077.16
17061.0	-508.27	-106.21	904.02
17069.0	-438.43	-717.78	766.28
17077.0	-573.25	581.01	861.82
17085.0	-481.59	180.9	995.19
17093.0	-622.72	1294.92	378.29
17101.0	-308.94	1141.18	1586.39
17108.0	-208.54	1029.14	307.97
17116.0	-361.32	502.45	706.63
17124.0	-431.64	479.65	670.25
17132.0	-390.9	-254.62	433.58
17140.0	-373.93	414.18	900.14
17148.0	-453.46	-161.99	907.9
17155.0	-329.79	-47.04	333.19
17163.0	-258.5	-537.37	147.44
17171.0	-131.43	531.55	1805.61
17179.0	-371.99	508.27	986.95
17187.0	-175.08	329.79	461.71
17195.0	-99.91	96.51	353.56
17202.0	-56.74	421.94	1796.39
17210.0	-107.67	382.65	953.97
17218.0	-39.28	-799.74	702.75
17226.0	-19.88	-42.19	1020.41
17234.0	-35.89	640.67	722.15
17242.0	-15.03	364.23	1230.41
17249.0	-96.51	267.23	1662.54
17257.0	-25.7	301.18	1356.51
17265.0	-51.89	187.69	1099.47
17273.0	9.7	55.77	1093.16
17281.0	-73.23	358.41	1049.03
17288.0	-69.35	156.65	515.06
17296.0	-120.28	302.63	1278.91
17304.0	-122.22	294.87	930.69
17312.0	-85.84	65.96	837.09
17320.0	-99.42	253.16	993.25
17328.0	-65.47	158.11	836.12
17335.0	2.42	148.41	1537.89
17343.0	-4.85	64.99	964.15
17351.0	-14.06	221.64	1058.73
17359.0	29.58	169.75	1210.53
17367.0	6.79	162.47	1097.04
17375.0	-8.24	351.62	1079.1
17382.0	22.79	216.3	759.49
17391.0	7.76	357.44	1022.84
17398.0	53.35	378.78	868.61
17406.0	93.12	368.59	1205.68
17414.0	51.41	34.92	1188.22
17422.0	114.46	426.79	1204.71
17430.0	102.33	229.88	983.55
17437.0	221.15	487.41	621.75
17445.0	403.51	527.18	1063.58
17453.0	250.25	474.8	1161.06
17461.0	273.05	901.59	743.49
17469.0	258.01	446.67	906.93
17476.0	243.46	872.01	1075.22
17484.0	314.76	577.13	1194.04
17492.0	279.35	211.45	1174.64
17500.0	319.12	66.93	309.91
17508.0	302.15	-92.15	470.92
17516.0	310.88	0.97	769.67
17524.0	280.32	119.79	974.34
17531.0	275.96	444.73	999.56
17539.0	271.59	123.67	1132.93
17547.0	292.45	-132.4	1191.13
17555.0	210.97	-88.27	1574.27
17563.0	205.15	-177.02	1042.24
17570.0	232.31	444.25	1164.45
17578.0	99.42	-9.21	836.6
17587.0	-51.89	-72.75	1423.92
17594.0	-27.64	307.0	1041.75
17602.0	-127.55	208.06	1162.03
17610.0	-116.88	574.71	1044.66
17617.0	-285.17	112.03	503.9
17625.0	-266.26	17.46	879.28
17633.0	-298.27	765.79	1518.01
17641.0	-228.43	335.61	920.51
17649.0	-163.44	471.41	1048.54
17657.0	-65.96	15.03	-312.33
17665.0	-62.08	651.34	1613.55
17672.0	-25.7	236.19	92.63
17680.0	-27.64	649.88	-325.43
17688.0	272.56	442.31	1394.34
17696.0	182.36	512.63	857.46
17704.0	216.79	-163.44	1159.6
17712.0	-196.9	752.7	374.9
17719.0	128.04	647.46	1876.42
17727.0	18.43	101.36	530.58
17735.0	30.55	920.99	1470.0
17744.0	76.14	26.67	637.27
17751.0	6.79	21.82	451.52
17758.0	412.72	496.63	1195.98
17766.0	149.38	471.41	477.23
17774.0	305.06	307.0	882.19
17782.0	573.25	647.94	861.34
17790.0	1000.04	499.54	96.51
17798.0	982.58	1134.39	269.65
17806.0	1171.24	642.61	876.86
17813.0	1271.15	723.6	1480.67
17821.0	1226.53	277.41	1070.85
17829.0	675.59	137.25	563.56
17838.0	113.49	102.33	985.98
17845.0	-373.93	703.23	601.38
17853.0	-716.33	-324.94	1118.87
17860.0	-840.97	643.58	562.59
17868.0	-909.35	1470.97	2089.81
17877.0	-90.69	2061.2	1961.77
17884.0	-860.37	1710.07	1416.65
17892.0	-701.29	162.96	2390.02
17899.0	-127.55	45.1	2233.37
17907.0	-557.25	1056.79	5112.74
17915.0	-215.82	1576.21	3976.41
17923.0	-27.16	1014.59	5712.67
17931.0	-779.86	-49.47	1819.67
17939.0	120.28	-1335.65	3066.57
17946.0	486.44	-1124.2	6138.97
17954.0	711.48	-1713.46	6565.27
17962.0	337.07	-1514.62	1262.42
17970.0	-614.48	-959.3	-597.5
17978.0	-883.65	-16.49	172.66
17986.0	-485.96	350.65	632.42
17994.0	49.95	-101.36	2821.17
18002.0	-142.59	-674.13	351.13
18009.0	-506.81	-971.43	-1354.08
18017.0	-604.78	-1098.98	-1624.22
18025.0	-330.76	-606.23	2474.41
18033.0	96.03	187.21	1017.02
18041.0	-88.27	367.14	-771.61
18049.0	-517.97	-174.6	-1413.25
18056.0	-644.55	-388.47	-855.03
18064.0	-321.55	-615.45	910.81
18072.0	-110.09	-210.0	1902.61
18080.0	-107.67	-207.57	1249.81
18088.0	-97.97	-99.42	-1292.98
18095.0	-95.54	-283.23	1326.44
18103.0	117.85	-398.17	2859.49
18111.0	262.86	-497.6	2106.3
18119.0	198.36	-451.04	-104.76
18127.0	-84.87	-298.75	282.26
18135.0	-6.79	-266.26	792.95
18143.0	263.35	-233.28	1347.29
18150.0	286.63	-253.16	1760.5
18158.0	135.31	-206.12	-191.08
18166.0	66.93	-290.99	-588.77
18174.0	229.88	-292.45	823.99
18182.0	318.15	-188.18	2418.15
18189.0	428.24	29.1	705.66
18197.0	230.37	128.52	71.78
18205.0	115.43	-3.39	387.02
18213.0	210.97	2.42	1173.18
18221.0	393.81	126.58	1652.84
18229.0	292.45	320.09	1362.33
18236.0	106.7	336.1	361.8
18244.0	103.3	307.97	137.25
18252.0	168.78	349.68	1869.63
18260.0	262.38	467.04	1825.01
18268.0	183.33	525.24	779.37
18276.0	73.23	400.11	126.1
18283.0	-4.36	413.21	963.67
18291.0	145.98	534.94	1254.66
18299.0	221.15	675.59	1468.54
18307.0	108.64	781.8	1024.78
18315.0	15.52	750.76	338.04
18323.0	82.45	791.5	813.32
18331.0	203.69	850.67	1762.44
18338.0	258.01	951.55	1696.97
18346.0	231.34	979.67	672.68
18354.0	141.13	978.22	889.47
18362.0	180.9	986.46	1283.28
18369.0	287.6	1011.2	1561.66
18377.0	309.91	1063.09	1336.62
18385.0	211.45	1092.68	903.05
18393.0	186.72	1180.46	319.12
18401.0	216.79	1270.67	1488.43
18409.0	410.3	1205.19	2940.96
18417.0	328.34	1526.74	1453.02
18428.0	286.14	1455.45	1249.33
18433.0	410.3	1120.81	451.52
18440.0	249.77	1070.85	988.4
18448.0	505.36	1088.8	323.0
18456.0	500.99	1096.56	1379.79
18464.0	643.09	1111.11	1600.94
18471.0	566.95	1027.69	663.46
18479.0	629.03	919.05	114.94
18487.0	712.93	924.87	932.15
18495.0	596.53	909.35	1018.96
18503.0	562.1	900.62	-102.82
18511.0	404.48	1198.4	4884.31
18519.0	836.12	1599.97	2239.67
18526.0	658.13	507.3	1258.06
18534.0	722.15	698.38	3143.69
18542.0	634.85	443.28	1108.2
18550.0	67.41	826.42	1065.03
18558.0	-202.72	769.67	339.49
18565.0	-19.4	754.16	1472.42
18573.0	38.31	584.41	1355.05
18581.0	98.45	445.7	960.27
18589.0	-1128.57	91.18	247.83
18597.0	-535.91	260.44	2397.78
18605.0	-376.84	228.43	1749.35
18612.0	-506.33	-44.62	1600.94
18620.0	19.88	49.47	1201.31
18628.0	609.14	-132.4	851.15
18636.0	538.82	-272.08	987.92
18645.0	343.37	-132.4	1092.68
18652.0	398.66	-458.8	977.73
18659.0	511.66	190.12	1079.58
18667.0	341.43	52.86	1056.79
18675.0	233.76	761.92	951.06
18683.0	-28.61	258.98	1114.02
18691.0	-222.61	1199.86	1110.62
18699.0	-208.06	336.58	1320.62
18707.0	-466.56	370.05	851.15
18714.0	-436.97	387.99	849.7
18722.0	-390.41	70.32	414.66
18730.0	-276.93	628.54	628.06
18738.0	-185.75	292.93	1411.8
18746.0	-258.98	51.89	1101.89
18753.0	-350.16	43.16	747.37
18761.0	-363.74	233.28	1423.44
18769.0	-330.28	-2.42	534.94
18777.0	-392.84	72.26	634.85
18786.0	-415.63	0.97	700.32
18793.0	-341.43	-83.9	1141.18
18800.0	-360.83	-15.52	598.96
18808.0	-417.09	7.27	722.15
18816.0	-409.81	-25.7	944.76
18824.0	-512.63	-111.55	1964.68
18832.0	-429.21	-52.86	1227.02
18840.0	-365.2	-190.6	212.42
18847.0	-350.16	-371.99	591.2
18855.0	-386.05	137.25	1162.51
18863.0	-424.36	197.87	1114.99
18871.0	-354.53	165.87	954.45
18879.0	-341.43	-272.56	1210.53
18887.0	-354.53	-364.23	904.5
18895.0	-333.67	516.03	1189.67
18902.0	-353.56	166.84	1215.86
18910.0	-336.58	372.47	985.98
18918.0	-352.59	279.35	1219.74
18926.0	-317.67	851.15	1230.9
18934.0	-248.31	67.9	953.0
18942.0	-256.56	279.35	784.22
18949.0	-256.56	189.15	912.26
18957.0	-206.12	62.08	672.68
18965.0	-256.07	43.16	1089.77
18973.0	-190.12	231.82	846.79
18981.0	-222.61	-37.34	1061.64
18988.0	-226.0	109.12	844.85
18996.0	-202.72	260.92	938.94
19004.0	-177.51	35.89	872.01
19012.0	-115.91	81.48	1004.41
19020.0	-97.0	-17.94	1116.44
19028.0	-39.28	123.67	1160.09
19036.0	3.39	74.69	911.29
19043.0	0.48	104.76	1015.08
19051.0	-11.15	193.02	1023.81
19059.0	60.62	128.52	1075.7
19067.0	125.61	248.31	957.85
19076.0	304.57	426.79	844.36
19083.0	206.12	-203.69	1310.44
19090.0	316.21	939.91	329.79
19098.0	285.66	208.06	683.35
19106.0	314.76	-295.36	1287.64
19114.0	172.17	-804.59	984.04
19122.0	263.35	-26.19	1012.65
19130.0	354.53	55.29	1329.35
19138.0	287.11	308.45	1123.72
19145.0	351.62	238.13	1145.05
19153.0	396.23	323.97	1078.13
19161.0	482.08	250.25	744.46
19169.0	530.09	13.58	934.57
19176.0	527.18	-205.63	572.77
19184.0	565.01	153.74	1112.56
19192.0	449.1	314.27	964.15
19200.0	340.95	366.17	838.54
19208.0	391.38	435.52	1354.08
19216.0	369.08	457.34	1029.63
19223.0	420.97	-8.73	314.27
19231.0	369.08	-42.19	1244.96
19239.0	306.03	558.71	826.9
19247.0	151.8	52.38	1242.05
19255.0	212.91	204.66	543.19
19263.0	311.36	-391.38	657.64
19270.0	393.32	400.11	714.87
19278.0	394.78	-169.26	1160.09
19286.0	366.17	497.11	1489.4
19294.0	150.35	160.05	1050.97
19302.0	133.37	720.69	1373.0
19310.0	-17.46	105.73	450.55
19317.0	-121.25	226.97	796.35
19325.0	-282.75	444.73	1659.63
19333.0	-201.27	371.5	-111.06
19342.0	-445.22	198.36	1814.34
19349.0	-441.34	560.65	1170.76
19357.0	-406.9	394.29	548.04
19365.0	-491.29	204.66	539.79
19372.0	-385.56	333.67	1344.87
19380.0	-300.69	240.55	1319.17
19388.0	-285.17	496.63	987.43
19396.0	-159.08	699.84	1043.69
19404.0	-176.05	607.2	1900.18
19411.0	-113.0	478.68	1133.9
19419.0	-211.94	802.17	1081.52
19427.0	114.46	650.37	876.37
19435.0	254.62	468.5	1647.5
19443.0	249.28	347.25	786.65
19451.0	195.45	252.68	732.33
19459.0	428.73	546.1	887.04
19466.0	528.15	310.39	2138.31
19474.0	625.63	392.84	488.87
19482.0	1033.02	418.54	1964.2
19490.0	764.82	311.85	969.0
19498.0	89.72	59.17	790.04
19506.0	-279.84	131.43	1067.94
19514.0	-579.56	216.3	803.14
19522.0	-1100.92	-118.82	970.94
19529.0	-1332.74	907.41	1238.66
19537.0	-1360.39	567.44	1000.04
19545.0	-1170.76	658.13	1000.04
19552.0	-471.41	1569.9	2409.42
19561.0	-615.45	1569.42	2730.96
19568.0	-229.4	-23.28	1971.47
19577.0	-462.68	-116.88	3969.62
19584.0	44.13	746.88	3742.65
19592.0	-93.6	-55.29	4123.85
19600.0	-425.82	2531.63	5184.51
19607.0	823.51	1825.98	5285.88
19615.0	1144.57	-2676.64	987.92
19623.0	563.07	-445.7	7829.15
19631.0	1017.99	-2114.06	3307.13
19639.0	406.9	-825.45	1409.86
19647.0	196.42	-158.59	-803.62
19654.0	-405.45	405.45	211.94
19662.0	279.35	-247.83	834.66
19670.0	645.03	-291.48	911.78
19678.0	282.26	-819.14	2331.82
19686.0	177.51	-620.3	-2359.46
19695.0	-147.92	-410.3	298.27
19701.0	200.78	51.89	557.25
19709.0	132.89	485.47	2484.1
19717.0	180.42	-504.87	-1973.9
19725.0	-457.83	152.77	-845.82
19733.0	-653.28	-421.45	-1566.51
19741.0	-525.73	-72.75	310.88
19748.0	-307.97	-201.75	1769.23
19756.0	-116.88	141.13	1061.15
19764.0	-217.76	20.37	885.1
19773.0	63.05	70.32	1101.41
19780.0	-15.03	-29.58	3468.63
19788.0	138.22	-27.16	1292.01
19796.0	-126.1	-88.27	435.52
19803.0	-223.09	-113.0	-364.23
19811.0	-129.98	-80.51	911.78
19819.0	98.45	-161.02	1303.16
19827.0	213.39	-205.15	1473.88
19835.0	59.65	-217.27	476.26
19843.0	165.87	-231.82	-387.02
19850.0	206.12	-343.37	1359.42
19858.0	364.23	-365.68	1818.7
19866.0	295.36	-263.35	1167.85
19874.0	213.88	-310.39	-238.61
19882.0	97.48	-390.41	693.05
19889.0	224.06	-387.02	937.48
19897.0	378.29	-273.05	1491.34
19905.0	282.26	-167.81	1120.32
19913.0	173.63	-112.52	412.72
19921.0	189.15	2033.07	-531.55
19928.0	343.86	885.59	2912.83
19937.0	309.91	-1599.97	10.67
19945.0	54.32	-2520.48	1877.39
19952.0	-104.76	-1777.96	-963.18
19960.0	75.17	-387.02	181.39
19968.0	175.08	1017.5	2564.13
19976.0	351.13	1747.41	1558.26
19983.0	237.64	1587.36	1195.49
19991.0	182.84	663.46	-23.28
19999.0	141.62	205.15	2437.55
20007.0	394.78	558.71	1158.15
20015.0	360.83	1298.31	2436.58
20022.0	272.08	1831.31	303.12
20030.0	222.61	2001.06	1050.97
20039.0	348.71	1581.06	976.28
20046.0	447.64	1167.85	1961.29
20054.0	414.66	946.7	1296.86
20062.0	367.62	1112.08	378.78
20069.0	107.18	1932.67	2113.57
20078.0	759.01	2699.92	1926.85
20085.0	488.87	2547.15	3252.32
20093.0	259.95	2117.94	1796.88
20101.0	493.23	1388.52	404.48
20109.0	174.11	1189.67	-257.53
20117.0	309.91	1026.72	81.48
20124.0	444.25	1200.34	869.58
20132.0	696.93	1260.97	1836.65
20140.0	625.15	1001.98	1642.17
20148.0	446.19	804.11	146.95
20156.0	500.99	658.61	-14.55
20164.0	654.73	598.47	1862.35
20171.0	825.93	459.28	874.92
20179.0	456.86	543.67	976.28
20187.0	257.53	673.16	-2386.62
20195.0	-259.95	-206.12	4465.28
20203.0	787.62	792.95	2923.99
20211.0	1009.26	-1001.01	346.28
20219.0	480.62	334.16	3566.6
20226.0	4.85	447.64	-754.16
20234.0	-344.83	596.05	823.51
20242.0	-17.46	386.05	1795.91
20250.0	168.29	1137.78	2769.28
20258.0	-2260.53	1251.75	1168.82
20266.0	-1550.5	839.51	2339.58
20273.0	-777.43	992.77	1915.7
20281.0	-708.57	288.57	1216.83
20289.0	-60.14	707.11	955.91
20297.0	-178.48	126.1	968.52
20305.0	-282.75	325.43	619.33
20313.0	-456.37	-423.39	1591.73
20320.0	-269.65	-180.42	1224.59
20328.0	-492.75	-84.39	781.8
20336.0	-377.32	371.02	1176.58
20344.0	-94.57	-6.79	437.46
20352.0	-200.3	38.31	1095.1
20360.0	-356.95	-80.99	938.94
20368.0	-234.73	112.03	1688.24
20375.0	-467.04	-105.24	1157.66
20383.0	-179.93	-47.53	686.74
20391.0	-222.12	488.87	1279.88
20399.0	-247.34	49.47	969.49
20407.0	-226.0	-415.63	959.79
20415.0	-201.27	-102.33	919.54
20422.0	-7.27	0.97	1242.05
20430.0	-128.04	-428.73	1043.69
20438.0	-50.44	1031.08	955.42
20446.0	44.62	1037.39	813.81
20454.0	-31.52	-211.94	1421.5
20461.0	-35.89	95.54	1265.33
20469.0	-78.57	-64.02	781.31
20477.0	35.89	-139.68	631.94
20485.0	-54.32	341.92	959.79
20493.0	-134.34	264.8	1126.63
20500.0	-119.31	330.76	977.25
20508.0	-149.38	582.95	1454.96
20516.0	-184.3	13.58	1080.07
20524.0	-247.83	62.56	1323.53
20532.0	-273.53	362.77	1236.23
20540.0	-225.52	590.23	1256.6
20547.0	-352.1	345.8	825.45
20555.0	-311.36	161.02	1418.1
20563.0	-407.39	358.41	989.37
20571.0	-390.41	-277.9	876.37
20579.0	-459.77	-293.9	826.9
20587.0	-331.25	414.66	1044.18
20595.0	-358.41	-62.08	841.45
20602.0	-293.9	124.64	1400.16
20610.0	-304.09	-48.01	956.88
20618.0	-229.88	206.12	604.78
20626.0	-207.57	278.38	945.73
20634.0	-212.42	333.19	828.36
20642.0	-121.73	207.09	931.66
20649.0	-109.12	45.1	961.73
20657.0	-27.64	316.7	843.88
20665.0	23.76	-4.36	944.76
20673.0	62.08	115.43	949.61
20681.0	137.25	173.14	905.96
20689.0	89.72	322.52	836.6
20696.0	125.61	259.95	963.18
20704.0	121.73	362.29	1006.83
20712.0	166.35	200.78	928.75
20720.0	195.45	272.08	945.73
20728.0	88.75	269.17	1165.42
20736.0	158.11	193.51	888.01
20743.0	155.2	461.22	1193.55
20751.0	250.25	125.61	1066.49
20759.0	332.7	282.75	1063.58
20767.0	315.73	306.51	1068.91
20775.0	265.29	-41.71	795.86
20783.0	158.11	502.93	1412.28
20790.0	122.22	363.74	1114.02
20798.0	84.39	407.87	1041.27
20806.0	219.21	529.12	688.68
20814.0	339.49	508.75	753.67
20822.0	490.81	8.24	914.2
20830.0	379.26	104.27	1136.81
20838.0	197.87	18.91	1243.02
20845.0	369.56	-33.46	1040.3
20853.0	503.42	-8.24	906.93
20861.0	434.55	134.34	735.24
20869.0	458.31	240.55	902.56
20876.0	564.53	-54.8	1186.28
20885.0	518.45	355.5	1114.5
20892.0	414.18	309.91	1124.69
20900.0	365.68	413.21	641.64
20908.0	385.08	533.0	712.93
20917.0	235.22	458.31	1325.96
20924.0	333.19	6.3	868.13
20931.0	194.96	-136.28	1301.71
20939.0	157.14	353.07	787.62
20947.0	127.07	-47.04	1015.56
20955.0	-53.83	515.06	1017.02
20963.0	-311.85	328.34	312.82
20971.0	-468.01	349.68	1160.09
20978.0	-404.96	343.37	1036.9
20986.0	-529.61	757.07	615.45
20994.0	-379.75	506.33	829.81
21002.0	-421.45	695.47	314.27
21010.0	-525.24	494.2	2012.21
21018.0	-695.96	522.82	1894.85
21026.0	-372.47	458.31	363.74
21033.0	-257.04	-574.22	630.48
21041.0	-298.27	509.24	457.83
21049.0	-414.18	-194.48	1132.93
21058.0	-114.46	527.18	1153.78
21065.0	61.59	410.78	269.65
21073.0	-58.68	431.15	812.84
21080.0	83.9	-354.04	362.29
21088.0	258.5	242.98	-201.27
21096.0	95.06	999.56	1413.25
21104.0	321.06	329.31	1554.38
21112.0	381.68	404.96	-722.15
21120.0	522.33	510.69	1403.55
21127.0	919.54	-253.16	372.47
21135.0	1284.73	361.8	1814.82
21143.0	758.52	835.63	706.14
21151.0	965.12	418.54	490.81
21159.0	1264.36	760.95	639.7
21167.0	1059.7	305.06	539.31
21174.0	739.12	539.79	746.4
21182.0	599.93	696.44	841.94
21190.0	-216.79	659.1	1028.66
21198.0	-671.71	387.99	651.82
21205.0	-985.01	347.74	467.53
21213.0	-1274.06	562.59	116.88
21222.0	-1086.37	952.52	545.61
21229.0	-398.17	1996.69	2371.1
21237.0	-328.34	775.01	2807.11
21245.0	-727.97	-186.72	2067.99
21253.0	-824.96	1277.94	2156.74
21261.0	-230.85	956.88	3043.78
21268.0	-334.64	1265.33	3388.61
21276.0	-819.14	-132.89	4422.11
21284.0	599.93	-330.28	5392.57
21292.0	849.21	-1293.46	4435.21
21300.0	607.2	509.72	6068.65
21307.0	611.08	-1082.98	3748.95
21315.0	-214.36	-1514.62	2557.82
21323.0	-422.42	-1769.23	-809.44
21331.0	-847.27	-738.15	281.78
21339.0	-349.19	-356.95	955.42
21347.0	-119.79	587.32	1386.58
21354.0	-72.26	545.61	518.94
21363.0	-361.32	-48.5	-886.07
21370.0	-421.94	-598.96	-521.85
21378.0	-165.87	-520.88	549.01
21386.0	-68.38	-430.67	1220.23
21394.0	-39.28	77.6	-756.58
21401.0	-382.65	306.51	-1218.29
21409.0	-387.99	-0.48	-714.87
21417.0	-337.07	-180.42	970.46
21425.0	-50.44	-180.9	1232.35
21434.0	-20.85	17.46	1038.84
21441.0	-36.37	81.96	562.59
21448.0	126.58	77.11	1112.56
21456.0	243.46	67.41	2247.43
21464.0	341.92	-11.15	1852.17
21472.0	201.27	-99.42	469.47
21480.0	128.04	-89.72	-166.84
21489.0	102.33	-66.44	743.97
21495.0	277.9	-68.87	1146.02
21503.0	358.41	100.39	988.89
21511.0	272.08	78.08	260.44
21519.0	227.94	-14.55	41.71
21528.0	308.94	-63.05	673.16
21535.0	435.52	-148.41	1481.64
21543.0	396.23	-113.49	1043.69
21550.0	339.49	-53.83	213.88
21558.0	262.86	-156.17	402.54
21566.0	459.77	-254.13	-594.11
21574.0	549.98	171.69	2605.35
21582.0	366.65	-329.31	1418.1
21589.0	400.11	-332.22	-809.44
21597.0	-13.09	81.96	174.11
21605.0	244.92	413.69	828.84
21613.0	290.02	365.68	1986.99
21621.0	424.36	513.12	489.35
21629.0	132.4	330.28	1606.28
21637.0	100.39	371.02	-324.94
21644.0	271.11	484.02	2017.55
21652.0	275.96	632.91	1992.33
21660.0	281.78	709.05	1714.43
21668.0	118.82	766.76	-68.38
21676.0	68.38	716.81	1130.02
21683.0	94.57	644.06	1788.15
21691.0	254.62	845.82	1024.78
21699.0	134.34	823.02	1333.23
21707.0	42.68	965.12	290.99
21715.0	82.93	947.18	895.29
21723.0	269.17	1034.96	978.22
21730.0	265.29	1011.2	2558.31
21738.0	236.19	1198.4	555.31
21746.0	412.72	1906.0	1760.02
21754.0	297.78	935.06	3133.99
21762.0	350.65	1130.51	1263.39
21770.0	416.12	1334.2	656.19
21777.0	468.01	1087.83	1038.84
21785.0	385.08	984.52	1028.66
21793.0	641.15	1014.11	182.36
21801.0	620.3	863.28	1912.79
21809.0	613.51	900.62	1354.08
21817.0	624.66	997.62	42.19
21825.0	851.64	339.01	-1997.18
21832.0	840.48	618.84	1706.67
21840.0	615.93	295.84	1731.89
21848.0	684.32	238.61	-1663.51
21856.0	605.75	753.19	1016.05
21864.0	159.08	1075.7	717.78
21871.0	158.11	992.28	1487.46
21879.0	662.49	1085.89	1280.37
21887.0	694.02	728.94	3384.24
21895.0	662.01	583.92	1917.15
21903.0	98.94	520.88	1334.68
21911.0	-91.66	614.48	708.08
21918.0	-1421.01	1102.38	-845.82
21926.0	-1145.05	722.63	2002.51
21934.0	-816.72	1216.35	3228.56
21942.0	-1091.71	629.03	1217.8
21950.0	-466.07	324.94	1223.14
21958.0	97.0	248.8	474.32
21966.0	209.03	45.1	129.98
21973.0	522.82	-268.68	974.34
21981.0	271.59	-141.62	1021.87
21989.0	59.17	-98.45	1493.76
21997.0	-409.81	-184.3	1432.17
22005.0	-30.55	-332.22	1228.47
22013.0	95.06	247.34	1247.87
22021.0	15.52	116.88	1377.36
22028.0	-86.33	-145.5	943.79
22036.0	-4.36	-732.33	961.24
22044.0	171.2	382.65	891.89
22052.0	117.37	-12.61	994.71
22059.0	86.81	135.31	945.24
22068.0	-33.95	561.62	988.4
22075.0	-125.13	702.26	994.71
22083.0	-210.0	-25.22	753.19
22091.0	-67.9	544.16	1502.98
22099.0	-170.23	790.04	1852.65
22106.0	-253.16	1017.02	822.05
22114.0	-315.24	757.55	1434.59
22122.0	-240.07	567.92	1027.69
22130.0	-327.85	912.26	1277.94
22138.0	-291.48	-15.03	230.85
22146.0	-351.13	226.0	1117.41
22154.0	-423.39	360.35	998.1
22162.0	-333.67	-227.94	1184.34
22169.0	-348.71	-242.98	1938.01
22177.0	-513.6	65.47	1088.8
22185.0	-420.97	65.47	1254.66
22193.0	-536.88	-166.84	1017.5
22201.0	-562.59	-220.67	1348.75
22208.0	-502.45	-448.13	1008.29
22216.0	-422.42	110.09	1224.11
22224.0	-323.97	95.06	1027.2
22232.0	-286.63	287.6	1453.02
22240.0	-253.65	353.56	715.36
22248.0	-306.03	406.9	894.8
22256.0	-237.64	517.0	736.7
22263.0	-179.45	633.88	660.07
22271.0	-159.08	299.72	1266.3
22279.0	-237.64	306.03	1004.41
22287.0	-130.95	55.29	811.38
22295.0	-158.59	455.4	1430.23
22303.0	-44.62	27.16	648.91
22310.0	-39.28	227.46	1146.99
22318.0	-46.07	224.06	1171.24
22326.0	-24.25	326.88	1208.59
22334.0	-6.79	238.61	1186.76
22342.0	-120.76	290.02	1239.63
22350.0	-180.42	215.82	1188.22
22357.0	-35.89	536.88	1615.01
22365.0	-133.86	429.7	868.13
22373.0	-66.44	126.1	1476.3
22381.0	-126.58	162.47	250.25
22389.0	-188.18	292.45	694.5
22397.0	-192.05	-221.15	824.96
22404.0	-58.2	182.36	604.29
22412.0	29.1	-30.07	1078.61
22420.0	1.94	256.07	1039.33
22428.0	65.47	147.92	735.24
22436.0	148.89	661.04	1009.74
22444.0	166.84	291.48	841.94
22451.0	44.62	167.81	1340.5
22459.0	-13.58	457.83	1464.66
22467.0	55.29	98.45	1032.05
22475.0	192.05	259.95	1243.02
22483.0	199.81	183.33	908.38
22490.0	158.59	316.21	1289.58
22498.0	167.32	238.13	1295.89
22506.0	160.53	125.61	616.42
22514.0	294.39	177.02	1288.61
22522.0	337.55	282.26	1489.4
22530.0	357.44	446.19	919.05
22538.0	482.08	447.16	1207.62
22546.0	327.37	266.26	1003.44
22553.0	323.49	456.86	900.62
22561.0	430.18	185.27	386.05
22569.0	345.8	107.18	782.28
22577.0	272.56	216.3	813.81
22585.0	362.29	100.88	1066.0
22592.0	277.9	837.09	426.79
22600.0	119.79	185.75	508.75
22608.0	277.41	630.97	584.41
22616.0	274.99	342.89	812.35
22624.0	197.39	528.15	955.91
22632.0	180.42	484.99	1411.31
22639.0	76.14	361.8	292.93
22647.0	227.46	772.58	1218.29
22655.0	382.17	542.7	198.36
22663.0	144.04	404.48	580.53
22671.0	239.58	456.37	1130.02
22678.0	23.76	760.46	208.54
22686.0	38.31	760.46	1012.65
22694.0	70.32	881.22	727.97
22702.0	-56.26	653.76	1323.53
22710.0	301.66	653.28	1249.81
22718.0	502.45	3.39	21.34
22725.0	485.47	306.51	704.2
22733.0	772.58	1276.49	1466.12
22742.0	786.16	81.96	883.65
22749.0	1118.38	787.13	982.1
22757.0	1324.02	299.72	361.8
22765.0	1605.79	377.32	809.93
22772.0	1545.17	527.18	1419.07
22780.0	1076.19	311.36	961.73
22788.0	621.75	161.02	248.31
22796.0	-252.68	294.87	709.54
22804.0	-501.96	854.55	693.53
22812.0	-844.85	918.08	566.47
22820.0	-823.99	830.3	118.34
22828.0	-311.85	1565.54	1434.59
22835.0	-828.36	1235.75	2347.82
22843.0	-843.39	678.98	2593.23
22851.0	-1014.11	-207.09	5683.08
22859.0	-1316.26	1387.55	4196.59
22867.0	-1084.92	-607.69	5372.69
22874.0	-1106.74	-389.44	4184.96
22882.0	-643.09	-2003.97	2054.41
22890.0	-554.34	-489.35	6121.99
22898.0	-20.37	-775.49	5559.41
22906.0	-369.08	-630.97	1737.71
22914.0	-780.34	-659.1	-1631.98
22921.0	-1113.53	-361.32	-311.85
22929.0	-584.41	-539.79	1341.96
22937.0	-97.97	-838.06	1777.48
22945.0	-106.7	-673.16	898.68
22953.0	-449.1	-238.13	-1676.12
22961.0	-541.25	25.7	-630.48
22968.0	-145.98	-105.24	2130.55
22977.0	97.0	-296.33	2716.41
22984.0	98.45	-649.4	-197.39
22992.0	-331.25	-526.7	-928.75
23000.0	-437.46	-413.69	-80.51
23007.0	-253.16	-363.26	1275.52
23016.0	-62.08	-269.65	1525.77
23023.0	-187.69	-238.61	139.68
23031.0	-349.68	-341.43	-1308.01
23039.0	-212.91	-460.25	99.91
23048.0	58.68	-437.94	2724.17
23055.0	314.27	-455.4	1957.89
23062.0	195.45	-155.2	20.85
23070.0	-20.37	-129.98	-190.12
23079.0	-4.36	-201.75	1136.81
23086.0	277.41	-113.97	1643.14
23094.0	333.19	61.59	1513.65
23102.0	99.91	95.06	144.04
23109.0	-9.7	-68.38	-561.62
23118.0	74.2	-117.85	917.11
23125.0	241.04	-90.21	2226.09
23133.0	207.57	-51.41	1193.55
23141.0	71.29	-15.03	-237.16
23148.0	-62.08	-84.87	366.65
23157.0	44.62	-98.94	1350.2
23164.0	215.33	60.62	1737.22
23172.0	160.53	258.01	1182.4
23180.0	0.48	302.63	315.24
23188.0	-8.73	256.56	217.76
23196.0	149.38	269.65	1618.89
23204.0	207.57	431.64	2096.11
23211.0	175.08	593.62	878.31
23219.0	47.04	569.86	193.51
23227.0	10.67	539.79	909.35
23235.0	137.25	694.99	1618.89
23243.0	232.79	839.03	1428.29
23251.0	129.98	902.08	860.37
23258.0	-6.3	822.54	296.33
23266.0	31.04	949.12	733.79
23274.0	142.59	973.85	1642.65
23282.0	184.78	1076.19	1608.22
23290.0	126.1	1157.66	670.74
23298.0	70.32	1119.84	643.09
23305.0	78.08	1337.11	1888.54
23313.0	279.84	1459.33	2148.01
23321.0	223.58	1439.44	2575.28
23330.0	191.57	1399.19	1811.43
23336.0	315.24	1437.02	816.23
23344.0	284.2	976.76	550.46
23352.0	370.53	1085.4	878.31
23360.0	403.51	1154.27	901.11
23368.0	630.48	1108.68	1422.95
23376.0	584.89	979.67	1136.33
23384.0	589.26	965.61	680.44
23391.0	645.52	1082.01	-53.35
23399.0	603.81	869.1	2588.38
23407.0	885.1	769.19	168.78
23415.0	805.08	686.74	761.43
23423.0	627.57	714.39	-1155.24
23431.0	734.76	1218.29	2502.05
23439.0	840.97	1026.72	6490.58
23446.0	1205.19	301.66	-292.93
23454.0	987.92	760.46	3791.15
23462.0	1044.66	941.36	-280.32
23470.0	455.4	479.65	2044.22
23478.0	690.62	808.47	-539.79
23485.0	307.0	500.99	2217.85
23493.0	690.14	799.26	626.6
23501.0	547.07	671.22	1425.38
23509.0	269.17	727.97	532.03
23517.0	-312.82	-401.57	3484.63
23525.0	-2547.15	290.99	2537.94
23532.0	-1181.91	241.04	3860.98
23540.0	-470.92	-152.77	1269.7
23549.0	316.7	-242.01	-411.27
23556.0	662.49	70.81	342.4
23564.0	541.25	62.08	507.3
23572.0	785.68	-56.26	-24.25
23579.0	-741.55	-128.52	3315.37
23587.0	-859.88	-23.76	1329.35
23595.0	55.29	197.39	627.09
23603.0	69.35	218.73	769.67
23611.0	-393.81	-65.96	962.7
23618.0	-359.38	149.38	788.1
23627.0	-259.47	87.3	1130.51
23634.0	-265.77	298.27	952.03
23642.0	-235.22	202.72	999.56
23650.0	-101.85	-3.88	1071.34
23658.0	-121.73	-177.51	716.33
23666.0	-93.6	81.48	1087.83
23674.0	-63.53	132.89	1397.73
23681.0	-10.18	122.22	785.19
23689.0	-108.15	-10.67	815.75
23697.0	-216.79	125.13	1405.01
23705.0	-301.66	42.19	371.5
23713.0	-319.61	16.0	425.82
23720.0	-469.47	309.42	585.86
23728.0	-583.92	109.12	734.27
23736.0	-451.04	29.1	1140.69
23744.0	-637.27	45.59	1835.19
23752.0	-566.47	-136.28	263.83
23760.0	-438.91	-543.19	3411.89
23768.0	-1013.62	-215.82	270.62
23775.0	-486.93	224.06	1536.44
23783.0	-841.45	93.12	1437.02
23791.0	-678.5	45.1	647.46
23799.0	-710.51	473.83	982.58
23807.0	-729.91	182.36	958.82
23814.0	-704.69	357.92	1057.76
23822.0	-685.77	199.33	1031.08
23830.0	-644.55	605.75	803.62
23838.0	-479.17	-26.19	742.52
23846.0	-435.52	0.97	1275.03
23854.0	-355.98	229.88	371.99
23862.0	-116.4	178.48	994.22
23869.0	-252.68	82.45	1078.13
23877.0	32.98	72.75	1778.93
23885.0	-119.79	185.75	794.89
23893.0	108.15	166.35	1226.05
23901.0	11.15	198.84	879.77
23909.0	157.62	-16.0	848.24
23916.0	101.36	243.46	966.58
23924.0	177.51	362.29	767.25
23932.0	79.05	283.72	1366.21
23940.0	108.64	43.65	1125.17
23948.0	9.21	-46.07	875.4
23955.0	161.5	222.12	1021.87
23964.0	202.24	147.44	937.48
23971.0	204.66	15.03	973.85
23979.0	219.21	-119.79	792.47
23987.0	311.85	-3.88	1353.11
23995.0	59.65	295.84	371.5
24003.0	215.33	76.63	1471.94
24011.0	150.83	283.72	992.28
24018.0	280.32	848.73	91.18
24026.0	386.05	191.57	1217.8
24034.0	137.25	29.58	882.68
24042.0	252.19	-235.7	1061.15
24049.0	242.98	27.16	1470.97
24057.0	268.68	281.29	1187.25
24065.0	301.18	44.62	884.13
24073.0	259.95	143.07	1129.54
24081.0	234.73	121.25	953.48
24089.0	412.72	378.78	1152.81
24097.0	432.12	474.8	1085.89
24104.0	534.94	560.65	1003.44
24112.0	570.35	422.42	998.59
24120.0	704.69	191.08	1257.09
24128.0	786.16	308.45	1033.02
24136.0	741.55	316.21	824.48
24144.0	741.06	123.19	1453.02
24151.0	608.66	445.7	1050.97
24159.0	635.33	139.68	1066.0
24167.0	493.23	169.26	1147.96
24175.0	603.81	170.72	790.04
24183.0	545.61	161.5	1485.03
24191.0	539.31	363.74	860.85
24198.0	507.3	117.37	1043.21
24206.0	499.05	193.99	1030.6
24214.0	375.87	73.72	1152.33
24222.0	218.24	-1.45	970.46
24230.0	281.78	-56.26	408.84
24238.0	253.65	385.56	860.85
24246.0	124.64	355.98	627.09
24253.0	101.85	759.49	1054.36
24261.0	-222.61	-52.86	838.06
24269.0	-330.28	95.54	971.91
24277.0	-371.02	757.55	860.85
24284.0	-633.88	677.04	1588.33
24292.0	-426.3	143.56	437.46
24300.0	-504.39	408.84	1175.61
24308.0	-656.19	598.47	627.09
24316.0	-625.63	528.64	1134.87
24324.0	-583.92	47.04	743.49
24332.0	-437.94	745.43	94.09
24340.0	-63.53	303.6	1263.88
24347.0	-148.89	295.84	630.97
24356.0	-93.6	1013.62	720.21
24363.0	207.09	965.12	1291.04
24371.0	33.46	664.43	1072.79
24378.0	-42.19	381.68	1347.29
24386.0	116.4	451.04	1230.41
24394.0	198.36	899.17	872.01
24402.0	-35.4	106.7	892.38
24410.0	210.0	722.15	911.29
24418.0	187.21	299.72	30.55
24426.0	603.32	292.45	1117.41
24433.0	739.12	192.05	1887.09
24441.0	487.41	715.36	1431.68
24449.0	309.42	63.53	1600.46
24457.0	-397.2	730.39	114.94
24465.0	-552.4	202.24	1134.39
24473.0	-862.79	-153.26	1263.88
24480.0	-1111.11	476.74	1100.44
24488.0	-1233.81	848.24	980.16
24497.0	-1015.08	893.83	918.57
24504.0	-288.08	1985.05	1920.55
24512.0	-88.75	1943.83	849.21
24520.0	-696.44	-212.91	2754.24
24527.0	-543.67	1836.16	1533.53
24535.0	-811.87	485.96	3027.29
24543.0	177.02	-8.24	2911.86
24552.0	444.25	308.45	2286.72
24559.0	-397.69	43.65	5327.1
24566.0	252.19	-891.89	1482.12
24574.0	1516.07	-2168.38	3875.53
24582.0	1179.49	-2656.76	6674.4
24590.0	1444.29	-926.33	5932.85
24598.0	1115.47	-1448.66	2263.92
24606.0	140.65	-926.33	2330.85
24614.0	-428.24	-533.97	-1081.52
24621.0	-497.11	-314.76	-369.08
24629.0	-41.22	-465.1	2699.44
24637.0	25.7	-387.99	1070.37
24645.0	-43.65	-587.8	-1439.93
24653.0	-319.12	-478.68	-1115.47
24661.0	-262.38	-240.55	1309.95
24668.0	217.27	84.87	-102.33
24676.0	243.46	-420.0	1020.41
24684.0	-2.42	118.82	-534.94
24692.0	-244.92	-48.01	-1790.57
24700.0	-94.57	-116.4	-318.64
24708.0	-58.68	-192.54	2462.28
24716.0	35.4	70.81	829.81
24723.0	18.43	139.68	-746.4
24731.0	-73.23	55.29	1592.7
24739.0	75.66	23.76	2348.79
24747.0	341.92	79.05	1946.74
24755.0	323.49	83.42	1374.45
24763.0	72.26	-52.38	904.5
24770.0	167.32	-27.64	-426.3
24778.0	330.76	62.08	1461.75
24786.0	398.66	-106.7	2479.74
24794.0	421.45	-84.39	347.74
24802.0	387.99	-34.43	-553.86
24809.0	347.25	-102.33	1130.02
24818.0	456.86	-155.68	1776.02
24825.0	648.43	-100.88	758.04
24833.0	460.25	-111.06	940.39
24841.0	300.21	-196.9	264.8
24848.0	376.84	-262.86	302.15
24857.0	518.45	-208.06	1574.75
24864.0	543.67	-1920.06	1252.24
24873.0	768.22	-993.25	860.37
24880.0	-18.43	1174.15	739.12
24888.0	373.93	1142.63	-903.53
24896.0	-274.5	289.05	780.83
24904.0	302.63	-750.28	270.62
24911.0	228.91	-668.8	2101.45
24919.0	268.2	-115.43	1254.66
24927.0	366.65	736.21	828.36
24935.0	186.72	1327.9	849.7
24943.0	477.23	1393.85	2027.25
24950.0	156.65	1013.14	1798.82
24958.0	323.0	681.41	434.55
24967.0	-55.29	666.86	745.43
24974.0	132.89	951.06	694.02
24982.0	150.35	1257.57	1721.7
24990.0	322.03	1322.56	1188.22
24998.0	267.23	1240.11	1372.03
25005.0	309.42	1405.01	745.43
25013.0	389.93	1119.35	2368.19
25021.0	464.62	1387.55	1733.83
25029.0	477.23	1246.9	1203.74
25037.0	355.5	1343.41	507.78
25044.0	424.36	1230.41	1034.48
25053.0	521.85	1274.06	1145.05
25060.0	594.59	1273.58	1412.77
25068.0	553.37	1238.66	846.79
25076.0	545.13	1207.13	-283.23
25084.0	794.89	1359.42	-505.84
25091.0	896.26	1480.18	1196.95
25099.0	313.3	900.14	1391.43
25107.0	189.15	987.92	-3884.75
25115.0	289.54	1260.97	2979.76
25123.0	613.99	537.37	3243.11
25131.0	794.89	960.27	2128.12
25138.0	-120.28	721.18	1540.8
25146.0	-758.04	1286.67	-2155.28
25154.0	-389.44	533.97	1981.17
25162.0	-27.64	771.61	2492.83
25170.0	-719.24	539.31	1097.04
25179.0	-1111.11	837.57	1597.55
25186.0	-727.48	470.92	1697.46
25193.0	-302.15	-85.84	1111.59
25201.0	115.43	153.74	822.05
25209.0	247.34	132.4	1100.92
25217.0	54.8	-20.37	864.25
25225.0	175.08	-216.79	1093.65
25233.0	214.85	-144.53	926.33
25240.0	381.68	-55.29	973.37
25248.0	273.53	242.01	1150.39
25256.0	147.92	-254.62	813.32
25264.0	-120.76	-14.06	1338.56
25272.0	-176.54	-76.14	949.61
25280.0	-122.22	341.92	1168.33
25287.0	-439.4	177.02	1145.05
25295.0	-474.32	478.2	1354.08
25303.0	-275.96	271.59	1451.08
25311.0	-199.33	-124.16	1057.27
25319.0	-231.34	103.79	1326.44
25327.0	-391.38	133.37	1505.4
25334.0	-145.98	305.54	858.43
25342.0	-212.42	116.4	1116.93
25350.0	-231.82	509.72	840.48
25359.0	-397.69	-297.3	1458.84
25366.0	-496.14	-482.56	770.16
25374.0	-467.53	146.47	900.14
25381.0	-474.8	-339.01	2067.99
25389.0	-606.23	809.93	-206.6
25397.0	-530.09	48.98	1088.8
25405.0	-534.46	53.83	1204.22
25413.0	-577.13	987.43	1405.01
25421.0	-693.05	258.98	1001.01
25428.0	-593.14	134.83	1172.21
25436.0	-472.38	214.36	1403.07
25444.0	-459.77	27.64	827.87
25452.0	-438.91	730.88	1276.49
25460.0	-271.59	-100.88	981.13
25467.0	-367.14	-116.88	1534.01
25475.0	-310.88	444.25	1375.91
25483.0	-195.45	-47.04	1091.71
25491.0	-160.53	151.8	1040.3
25499.0	-145.5	235.22	2083.02
25507.0	-108.15	389.44	1308.98
25514.0	-106.7	-27.16	940.88
25523.0	-74.2	227.94	735.24
25530.0	3.39	-325.91	534.94
25538.0	-14.55	-31.52	1285.7
25546.0	58.2	186.72	738.15
25557.0	108.64	373.93	1109.17
25562.0	102.82	764.34	1029.63
25570.0	101.85	195.93	792.95
25577.0	117.37	390.41	982.1
25585.0	42.19	380.23	1500.55
25593.0	-12.12	-19.4	756.1
25601.0	222.61	477.71	939.42
25609.0	7.27	-249.28	564.53
25616.0	112.52	463.65	958.33
25624.0	112.03	15.52	934.57
25632.0	288.57	430.67	825.93
25640.0	227.94	267.71	963.67
25648.0	316.7	557.25	483.05
25656.0	205.63	452.49	671.71
25664.0	277.41	114.46	1052.91
25671.0	326.88	223.58	935.06
25679.0	326.4	108.64	905.47
25687.0	400.11	-164.41	936.03
25695.0	483.05	597.5	712.45
25703.0	242.49	-323.0	1067.94
25711.0	385.08	-2.91	856.49
25718.0	443.76	378.29	942.82
25726.0	484.5	84.39	797.32
25734.0	284.69	-42.68	948.15
25742.0	325.43	455.4	775.98
25750.0	251.71	281.29	1160.09
25757.0	185.75	153.74	1116.44
25765.0	182.36	488.38	1062.12
25773.0	196.9	597.02	523.3
25781.0	140.16	406.9	843.88
25789.0	129.01	289.54	1895.82
25797.0	-6.3	621.75	994.71
25804.0	-153.26	178.48	1263.39
25812.0	-360.83	-32.49	1324.02
25820.0	-386.05	263.35	630.48
25828.0	-608.66	390.41	770.64
25837.0	-663.95	269.17	637.76
25843.0	-535.91	-38.8	495.17
25851.0	-647.94	77.6	905.96
25859.0	-618.84	551.92	1324.99
25867.0	-522.33	90.69	1079.1
25875.0	-443.76	356.47	1252.24
25883.0	-467.53	96.51	921.96
25891.0	-418.54	491.29	1117.41
25899.0	-322.03	425.82	923.9
25906.0	-213.39	87.3	1662.54
25914.0	73.72	596.05	1226.05
25922.0	115.91	213.88	1290.07
25930.0	611.57	288.08	2183.41
25938.0	215.82	154.71	547.55
25945.0	570.83	312.33	398.66
25953.0	384.11	76.63	1062.12
25961.0	589.26	368.59	614.96
25969.0	169.26	121.73	276.93
25977.0	305.54	46.07	1596.58
25985.0	16.0	214.85	489.35
25993.0	382.17	722.15	615.45
26000.0	574.22	312.33	1535.47
26008.0	528.64	339.49	1296.37
26016.0	709.05	345.8	1168.82
26024.0	827.87	-176.54	1389.0
26032.0	866.19	15.52	1146.02
26040.0	1208.59	454.92	646.49
26047.0	1324.5	291.96	1265.33
26055.0	1341.96	349.19	760.46
26063.0	1802.7	155.68	1163.48
26072.0	1607.25	610.11	1333.71
26079.0	800.71	442.31	781.31
26086.0	88.75	885.59	185.27
26094.0	-492.26	505.36	864.73
26102.0	-768.7	-141.13	1131.96
26110.0	-1040.78	242.98	652.79
26118.0	-1069.4	856.0	706.14
26125.0	-432.12	1910.36	1191.61
26133.0	-689.17	1722.67	2054.41
26142.0	-785.19	-548.52	2085.93
26149.0	-338.52	1274.06	2333.27
26157.0	-577.62	1055.33	3405.58
26165.0	-321.55	1172.7	2634.45
26173.0	-701.29	-40.74	5463.87
26181.0	-388.47	-284.2	4934.26
26188.0	45.1	-2029.19	2845.42
26196.0	59.65	-787.13	6658.39
26204.0	20.85	-1091.22	5122.44
26212.0	-515.06	-976.28	528.15
26220.0	-924.39	-868.13	-229.88
26227.0	-1292.98	-524.27	708.57
26235.0	-623.69	-431.64	960.76
26243.0	-275.47	-245.4	781.31
26252.0	-364.71	-307.48	1130.02
26259.0	-588.77	-290.51	-1562.14
26267.0	-554.34	-338.04	-927.78
26274.0	-304.57	-186.24	1766.81
26282.0	-131.43	-37.83	1757.11
26290.0	-132.4	-387.02	-675.59
26298.0	-432.12	-197.39	-934.09
26306.0	-559.19	-398.17	242.49
26314.0	-313.3	-216.79	658.13
26322.0	-139.68	-276.44	1683.39
26329.0	-209.03	-149.38	870.55
26337.0	-263.35	-185.75	-266.74
26345.0	-138.71	-220.67	917.6
26353.0	-5.33	-228.43	3048.63
26362.0	154.23	-170.23	1950.62
26368.0	139.68	-140.16	171.2
26376.0	-7.27	-199.33	553.86
26384.0	54.8	-287.6	1131.48
26392.0	264.8	-205.63	1418.1
26400.0	317.18	-77.6	1366.21
26408.0	162.47	-119.79	480.14
26415.0	183.81	-56.26	-468.5
26423.0	289.54	-27.64	951.55
26432.0	419.51	36.37	1950.62
26439.0	453.95	151.8	695.47
26447.0	392.35	201.75	-276.93
26455.0	265.77	47.04	525.73
26463.0	346.28	12.61	1158.15
26470.0	499.05	155.2	1180.46
26478.0	386.05	251.22	1183.37
26486.0	260.44	261.41	382.17
26494.0	260.92	255.1	361.8
26503.0	344.34	270.14	1479.21
26510.0	346.77	394.29	1743.53
26517.0	353.56	1044.66	673.16
26525.0	662.98	1506.37	-531.06
26533.0	61.11	179.45	2311.93
26541.0	362.77	-523.3	-145.01
26549.0	36.86	139.68	1540.8
26557.0	52.38	650.85	92.63
26564.0	222.12	1704.73	984.52
26572.0	-10.18	1794.94	1724.61
26580.0	113.97	1308.5	614.96
26588.0	-225.03	636.3	299.72
26596.0	93.12	298.75	194.48
26604.0	-147.44	488.87	2781.4
26611.0	321.55	1142.15	-116.4
26619.0	156.65	1452.05	1702.31
26627.0	172.66	1312.38	525.24
26635.0	171.2	1111.11	1180.46
26643.0	357.92	923.42	290.99
26651.0	269.17	1113.53	2794.98
26658.0	383.14	1083.46	73.72
26667.0	343.86	1439.44	1794.45
26674.0	373.44	1317.23	771.61
26682.0	298.27	1122.26	1131.96
26690.0	411.27	1038.36	-332.22
26698.0	363.74	1132.93	1906.48
26705.0	286.63	1228.96	1383.18
26713.0	293.9	1445.75	1434.11
26721.0	545.61	1757.59	1134.87
26729.0	813.32	1915.21	1840.53
26737.0	757.55	638.24	1988.93
26745.0	559.19	1164.45	4971.12
26752.0	1651.38	1758.56	2207.18
26760.0	702.26	1336.14	2094.66
26768.0	-244.92	1198.4	253.65
26776.0	-79.05	1066.49	916.14
26784.0	503.42	971.43	2071.87
26792.0	452.49	597.99	1089.28
26799.0	-1233.81	887.04	773.07
26807.0	62.56	353.56	2955.51
26815.0	-339.98	212.42	1108.68
26823.0	261.41	234.73	1194.04
26831.0	424.36	55.77	1107.71
26839.0	615.93	-303.12	969.0
26846.0	268.68	30.07	1468.06
26854.0	103.3	-347.74	1526.26
26862.0	-127.55	121.73	955.91
26870.0	128.04	138.71	1134.87
26878.0	337.07	69.35	1312.86
26886.0	194.48	160.53	1796.88
26893.0	-105.24	-309.91	979.19
26901.0	129.49	-182.36	1080.55
26909.0	41.22	58.2	1158.63
26917.0	6.79	36.86	1233.81
26925.0	-205.63	-51.41	1106.26
26933.0	-207.57	76.14	559.19
26941.0	-268.2	-171.69	1286.19
26948.0	-24.73	-361.32	1122.75
26956.0	-226.0	-165.38	460.25
26964.0	-423.88	64.99	1197.92
26973.0	-219.21	-431.15	1757.59
26980.0	-580.04	162.96	947.67
26988.0	-577.62	-11.15	1380.27
26995.0	-825.93	423.39	815.75
27003.0	-726.51	4.36	1756.14
27011.0	-839.03	-718.27	845.33
27019.0	-865.22	-322.52	882.19
27027.0	-914.69	459.77	782.28
27034.0	-825.45	454.43	531.55
27042.0	-736.7	719.24	775.49
27050.0	-725.54	637.27	1730.92
27058.0	-750.76	165.38	1219.74
27066.0	-578.1	141.13	1195.49
27074.0	-402.54	251.71	927.78
27081.0	-369.56	-387.5	1149.9
27089.0	-261.89	134.83	900.14
27097.0	-147.44	32.98	1210.04
27105.0	-147.44	193.02	1166.88
27113.0	65.96	4.36	1089.28
27121.0	150.83	274.99	1207.62
27129.0	130.95	-33.95	868.61
27136.0	186.72	209.03	1301.71
27144.0	210.48	-109.61	872.49
27152.0	235.7	177.51	1348.26
27160.0	124.16	-104.27	1179.0
27168.0	292.93	261.89	999.07
27175.0	269.65	133.37	791.01
27183.0	353.56	291.48	1330.32
27191.0	323.49	37.34	790.53
27199.0	303.12	-26.67	541.25
27207.0	395.26	-9.21	1046.6
27215.0	353.07	179.45	1097.04
27222.0	357.92	98.45	767.73
27230.0	332.7	156.17	1190.16
27238.0	273.53	41.71	1007.8
27246.0	253.65	-187.21	950.58
27254.0	208.06	250.74	1047.57
27262.0	164.9	20.85	1035.93
27270.0	177.99	164.41	1151.36
27277.0	5.33	97.0	610.6
27285.0	-79.54	287.11	927.78
27293.0	-142.59	-32.49	494.2
27301.0	-357.44	306.03	680.44
27309.0	-261.41	62.56	1407.43
27317.0	-363.74	125.61	1425.38
27324.0	-5.33	40.25	-439.4
27332.0	368.11	306.51	888.5
27340.0	-268.68	280.32	861.34
27348.0	-266.74	207.57	857.46
27356.0	-77.11	173.14	1282.31
27364.0	44.62	322.52	1479.7
27371.0	-55.77	-215.82	1212.47
27379.0	-8.73	216.79	877.83
27387.0	121.73	216.3	707.11
27395.0	200.3	302.63	988.89
27403.0	144.53	394.29	547.07
27411.0	170.72	87.3	1088.8
27419.0	148.41	544.16	1118.87
27426.0	185.75	362.77	878.8
27434.0	230.37	192.54	1365.24
27442.0	100.39	237.16	873.95
27450.0	109.12	498.08	714.39
27458.0	70.81	263.83	1149.9
27465.0	99.42	-35.4	1153.3
27473.0	272.08	589.74	970.94
27481.0	240.55	318.64	1122.75
27489.0	206.6	381.68	751.25
27497.0	275.47	742.52	1288.61
27505.0	127.55	-38.31	1131.48
27512.0	122.22	136.28	361.32
27520.0	361.32	-2.42	654.25
27528.0	71.29	-37.83	1123.72
27536.0	124.64	235.7	945.73
27544.0	274.5	-179.93	1121.78
27551.0	112.03	338.52	1448.66
27559.0	198.36	285.17	1607.25
27567.0	-54.8	-182.36	611.57
27575.0	-7.76	640.67	598.47
27583.0	17.46	606.23	1613.55
27591.0	-92.63	940.88	269.17
27599.0	-232.31	398.66	865.22
27606.0	-146.95	707.11	1286.67
27615.0	-177.99	549.49	713.42
27622.0	-189.15	645.52	732.82
27630.0	-364.71	316.7	1236.23
27638.0	-44.13	415.15	920.02
27646.0	-313.79	335.13	1032.54
27653.0	-366.65	301.18	238.61
27661.0	-241.52	1006.35	353.07
27669.0	-198.36	377.32	1068.91
27677.0	113.0	179.45	942.33
27685.0	-148.89	747.85	1379.3
27693.0	77.11	26.19	1246.9
27700.0	60.14	960.76	1818.7
27708.0	392.35	793.44	1047.57
27717.0	80.02	847.76	516.51
27724.0	459.28	658.13	855.52
27732.0	807.99	228.43	938.45
27739.0	682.86	474.8	848.24
27747.0	844.85	275.47	1005.38
27755.0	1144.57	586.35	435.03
27763.0	1404.52	516.03	1090.74
27771.0	1389.0	971.91	1032.54
27779.0	1564.57	695.47	707.6
27787.0	938.94	-36.86	1103.83
27794.0	358.89	522.82	350.65
27802.0	-191.08	838.54	1170.76
27810.0	-502.45	723.6	1417.62
27818.0	-878.31	877.83	586.35
27826.0	-765.79	1023.81	1889.03
27833.0	-209.51	846.79	2181.96
27842.0	-361.8	1142.63	1331.78
27849.0	-673.65	207.09	904.5
27857.0	-590.71	486.93	4813.01
27865.0	-371.02	274.99	4623.38
27873.0	-698.38	1524.8	4832.41
27881.0	-537.37	-383.14	5863.01
27888.0	-36.86	106.21	4876.06
27896.0	-189.15	-1988.93	3510.82
27904.0	197.87	-892.86	5257.26
27912.0	342.89	-1588.33	4855.69
27920.0	-152.29	-1290.07	2315.81
27927.0	-568.89	-881.71	-2977.34
27935.0	-946.21	118.34	132.4
27943.0	-367.62	-205.63	958.82
27951.0	11.64	-537.37	1660.6
27959.0	50.92	-738.15	-7.76
27967.0	-452.98	-547.07	-718.27
27974.0	-435.03	-323.97	-1037.39
27982.0	-44.13	-97.0	1439.93
27990.0	141.13	8.24	2896.34
27998.0	102.33	-190.12	-474.32
28006.0	-231.82	-275.96	-1370.57
28014.0	-282.75	-412.72	-79.05
28022.0	-120.76	-290.51	1986.99
28029.0	223.58	-79.05	845.33
28037.0	-12.61	21.34	579.56
28045.0	-192.54	-102.82	-934.57
28053.0	-111.55	-193.02	56.74
28061.0	164.41	-291.48	2181.96
28069.0	319.61	-237.64	2398.75
28076.0	217.27	-231.34	81.96
28084.0	107.67	-109.61	-545.13
28093.0	48.98	-196.42	1591.73
28100.0	338.52	-194.48	1776.51
28108.0	403.02	37.83	1307.53
28116.0	208.54	97.48	66.93
28124.0	52.86	-20.37	-174.11
28132.0	245.4	-7.76	373.93
28139.0	415.63	111.55	2033.07
28147.0	360.35	167.32	1236.72
28155.0	268.68	166.84	-436.49
28163.0	188.66	62.56	146.47
28170.0	293.9	7.76	1750.8
28178.0	436.0	129.98	1961.29
28187.0	420.0	243.95	917.6
28194.0	191.57	233.76	581.01
28202.0	153.74	226.49	371.02
28210.0	297.78	252.68	1346.32
28217.0	362.77	371.02	1761.47
28225.0	268.68	460.74	872.01
28233.0	161.5	529.61	-210.97
28241.0	157.14	600.41	700.32
28249.0	249.77	532.52	1525.77
28257.0	376.84	628.54	1302.19
28264.0	267.71	926.81	727.97
28272.0	160.05	857.46	459.77
28281.0	221.15	863.28	930.21
28288.0	378.29	879.28	1541.77
28296.0	411.75	997.62	1825.01
28303.0	360.35	1077.16	798.77
28312.0	355.98	1131.48	511.18
28319.0	434.06	1102.38	1276.97
28327.0	552.89	1123.23	1731.89
28335.0	619.33	1153.78	1009.74
28343.0	558.22	1050.0	594.11
28351.0	659.1	1136.33	983.55
28358.0	895.29	1161.06	2508.35
28367.0	845.82	1182.4	2635.91
28374.0	1080.07	1488.43	1452.54
28382.0	1008.29	2087.87	1704.25
28390.0	1507.34	482.08	-1446.72
28398.0	175.08	1461.27	-1073.28
28405.0	504.87	1516.07	2371.59
28413.0	1114.02	188.18	896.26
28421.0	1382.21	1731.89	-1924.91
28429.0	263.83	723.6	9307.88
28437.0	1348.26	1462.72	-1198.89
28445.0	203.69	1012.17	4435.69
28452.0	252.19	1128.57	274.5
28460.0	-139.68	895.29	969.97
28468.0	-424.85	954.94	799.26
28476.0	-223.09	509.24	723.6
28484.0	72.75	1049.03	2972.97
28492.0	162.96	691.11	1008.77
28500.0	296.81	394.29	921.48
28507.0	943.3	571.8	1285.22
28515.0	646.97	68.38	1007.8
28523.0	241.52	-95.06	2991.4
28531.0	-59.17	-137.74	513.12
28539.0	813.32	583.92	533.97
28547.0	597.99	-98.45	658.13
28554.0	372.96	116.88	1174.64
28562.0	176.54	170.72	1316.74
28570.0	18.91	33.95	694.5
28578.0	58.68	82.93	762.4
28586.0	-221.64	386.53	653.28
28594.0	-334.16	230.85	1203.25
28601.0	-452.01	492.26	1168.82
28609.0	-528.64	433.58	1327.41
28617.0	-652.31	-43.65	1255.15
28625.0	-614.48	223.58	873.95
28633.0	-779.86	-48.98	853.09
28641.0	-871.04	60.14	1089.77
28648.0	-717.78	8.73	946.21
28656.0	-807.5	-132.4	634.36
28664.0	-886.07	-119.79	809.93
28672.0	-876.37	-88.27	1459.81
28680.0	-830.3	-95.06	936.03
28688.0	-797.8	14.06	904.99
28695.0	-738.15	-335.61	1732.86
28703.0	-622.72	-73.23	1024.29
28711.0	-605.75	-187.21	1220.71
28720.0	-534.46	31.52	611.57
28727.0	-535.43	315.73	1074.73
28734.0	-563.07	-91.66	1130.51
28742.0	-425.33	337.07	563.56
28750.0	-398.17	338.52	819.63
28758.0	-450.07	422.42	1295.89
28766.0	-433.09	247.34	917.6
28774.0	-313.3	284.69	979.67
28781.0	-294.39	244.43	970.94
28789.0	-228.43	99.42	1016.53
28797.0	-210.48	-155.68	1266.3
28805.0	-52.86	149.86	1009.26
28813.0	106.21	469.47	1260.48
28821.0	117.85	511.18	1291.52
28829.0	204.18	-4.36	1217.32
28836.0	192.54	118.34	837.57
28844.0	341.43	561.13	1013.14
28853.0	340.46	128.04	1008.77
28860.0	368.11	202.72	1234.29
28868.0	397.2	-57.71	1456.9
28876.0	373.44	324.46	1089.77
28884.0	313.3	174.6	812.35
28891.0	270.62	296.33	1326.93
28899.0	-257.04	7449.89	-1945.28
28907.0	86.33	953.0	1606.76
28915.0	-65.47	769.19	1427.8
28923.0	159.08	369.56	1197.92
28931.0	264.32	429.21	813.32
28938.0	345.8	649.88	957.85
28946.0	507.3	536.4	754.64
28954.0	344.34	196.42	975.31
28962.0	301.66	-130.46	870.07
28969.0	344.34	275.96	1031.57
28977.0	217.76	320.58	826.9
28985.0	185.75	-206.6	1156.21
28993.0	212.42	252.68	659.58
29001.0	178.48	240.07	955.42
29009.0	93.6	202.24	1123.23
29017.0	203.69	242.98	1164.94
29024.0	360.35	303.12	1067.46
29032.0	243.46	306.03	939.91
29040.0	-32.49	632.91	970.94
29048.0	-46.56	506.33	1069.88
29056.0	-101.36	231.34	1109.65
29063.0	-75.17	649.4	901.11
29071.0	-239.1	-120.28	822.05
29079.0	-447.16	-176.54	1195.01
29087.0	-529.61	247.34	1055.82
29095.0	-120.28	266.74	894.8
29103.0	-107.18	33.95	1479.7
29111.0	-112.03	559.68	1112.08
29119.0	-2.42	277.41	939.91
29127.0	66.93	396.72	406.9
29134.0	93.12	55.77	943.3
29142.0	-79.54	418.06	1230.41
29150.0	-39.28	226.97	355.01
29157.0	-149.86	533.0	1213.44
29165.0	-154.71	672.68	1142.15
29173.0	-140.16	68.38	1030.11
29181.0	-231.82	-82.45	1131.96
29189.0	-134.83	656.67	995.19
29197.0	-92.15	353.56	1068.43
29205.0	-29.1	114.94	902.56
29212.0	-75.66	385.56	818.17
29220.0	56.26	275.96	1041.75
29228.0	23.76	358.89	933.6
29236.0	119.79	517.97	1136.81
29245.0	61.59	460.25	408.84
29252.0	127.07	575.19	605.75
29260.0	239.58	1029.14	1049.03
29267.0	242.01	421.94	299.72
29275.0	193.51	976.76	978.22
29283.0	152.77	704.2	1058.24
29291.0	387.02	725.54	947.18
29299.0	535.43	480.14	1151.84
29306.0	642.61	354.53	704.69
29314.0	715.36	819.14	1009.26
29322.0	1048.06	788.59	1187.25
29330.0	1129.05	350.16	1292.49
29338.0	1374.45	1048.54	853.09
29346.0	1701.82	648.43	1308.5
29353.0	1563.6	691.11	1384.64
29361.0	1000.04	121.25	452.49
29370.0	196.9	788.59	825.93
29377.0	-211.45	432.61	1227.02
29385.0	-882.19	484.5	988.4
29393.0	-1053.39	446.19	494.2
29400.0	-968.52	273.05	606.23
29408.0	-511.66	1064.55	1318.2
29416.0	-588.29	778.4	2394.87
29424.0	-275.96	242.98	2445.79
29432.0	-496.63	591.68	2681.49
29440.0	-443.28	1439.44	4789.25
29447.0	658.13	711.96	7017.28
29456.0	913.23	-310.39	5999.78
29463.0	65.96	-365.2	5596.75
29471.0	59.17	-182.36	2550.06
29479.0	180.42	282.75	5626.34
29487.0	-3.88	-1258.06	5252.9
29494.0	-659.1	-1724.61	-1396.76
29502.0	-1325.96	-1542.74	-2962.79
29510.0	-1055.33	-1124.69	811.87
29518.0	-385.08	-676.56	3135.93
29526.0	231.82	-138.22	-436.49
29534.0	-299.72	-80.51	476.74
29542.0	-764.34	-293.9	-1697.94
29549.0	-605.26	-513.6	-589.26
29557.0	26.67	-582.95	2191.17
29565.0	135.31	-303.6	3352.23
29573.0	-16.49	18.43	-1713.95
29581.0	-229.88	109.61	-2229.97
29589.0	-311.36	-162.47	1896.3
29596.0	59.17	-342.89	1931.22
29604.0	164.9	-244.92	547.07
29612.0	-114.94	-238.13	-627.09
29620.0	-351.62	-215.33	-294.87
29628.0	43.16	-229.4	114.94
29636.0	329.79	-276.93	3409.95
29643.0	369.56	-280.32	2028.7
29651.0	200.78	-133.37	-1110.62
29660.0	98.94	-321.55	-452.49
29667.0	224.06	-336.1	2598.08
29675.0	528.64	-120.76	2187.29
29682.0	585.86	119.79	318.15
29690.0	185.27	54.8	245.4
29698.0	148.41	-152.29	-375.87
29706.0	406.42	-160.53	1170.27
29714.0	547.07	-28.13	2254.22
29722.0	359.86	136.77	1012.65
29730.0	238.13	185.75	-1386.09
29737.0	210.0	105.24	558.71
29745.0	343.37	145.98	2364.31
29753.0	506.33	351.62	1420.04
29761.0	389.93	394.29	382.65
29768.0	120.28	334.64	396.72
29777.0	166.84	323.49	812.35
29784.0	416.6	426.79	1572.81
29792.0	359.38	536.4	2221.73
29800.0	194.48	602.35	311.36
29808.0	100.88	578.59	-245.4
29816.0	165.38	552.89	1274.06
29824.0	253.65	635.82	2287.69
29831.0	328.34	636.3	1083.46
29839.0	118.82	750.76	541.25
29847.0	-49.95	575.19	671.22
29855.0	81.48	718.75	933.6
29863.0	207.09	764.34	1605.79
29870.0	159.56	778.89	1419.56
29878.0	41.71	829.81	346.77
29886.0	82.93	840.97	156.17
29894.0	151.32	833.21	1759.05
29902.0	263.83	946.7	1786.21
29910.0	286.14	1002.95	896.74
29917.0	-13.58	1310.92	1605.31
29925.0	404.48	511.18	1507.34
29933.0	557.74	1205.68	2584.5
29941.0	227.46	1230.9	708.08
29949.0	559.68	1760.02	1490.85
29957.0	412.72	1291.04	280.81
29964.0	669.77	1343.9	184.78
29972.0	546.1	1111.59	1310.44
29980.0	864.25	1234.29	791.98
29988.0	809.93	1448.17	1042.24
29996.0	872.49	1462.24	324.46
30004.0	760.95	93.6	4240.73
30012.0	986.95	110.09	-1588.82
30019.0	871.52	1004.41	2036.46
30028.0	1118.38	1613.55	-507.3
30035.0	1194.52	1323.53	-4766.94
30043.0	-129.49	396.72	7028.44
30050.0	1550.5	219.21	-7587.63
30058.0	444.25	1252.24	5089.46
30066.0	572.28	-499.54	560.65
30074.0	-46.07	679.95	1340.02
30082.0	-1340.02	357.44	-2777.04
30090.0	-928.27	721.66	2634.94
30098.0	87.78	550.46	1977.29
30105.0	-625.15	744.46	693.53
30113.0	-500.51	649.4	2496.71
30121.0	-94.09	740.58	1033.51
30129.0	-677.53	94.57	2017.06
30137.0	-269.17	-268.2	1471.94
30145.0	163.93	-84.87	847.27
30153.0	367.62	-266.74	1150.39
30160.0	204.18	-123.67	1280.37
30168.0	161.02	102.33	937.0
30176.0	183.33	61.11	991.31
30184.0	-37.34	-32.98	960.76
30192.0	-188.66	-57.23	862.79
30200.0	-100.88	210.48	1574.75
30207.0	-371.5	-14.55	1214.41
30215.0	-343.37	16.49	845.82
30223.0	-302.15	-44.62	1142.15
30232.0	-303.12	114.94	1308.5
30239.0	-194.96	-67.41	1682.42
30247.0	-95.54	-266.74	953.97
30254.0	-27.16	-123.67	1104.8
30262.0	-64.02	25.7	1219.74
30270.0	-189.63	104.76	306.51
30278.0	-217.76	-103.3	1586.88
30286.0	-287.11	147.44	1276.0
30294.0	-406.9	13.09	1175.12
30302.0	-437.94	-260.92	934.57
30309.0	-288.08	246.37	974.82
30317.0	-540.76	-134.34	1223.62
30325.0	-546.58	-280.81	1044.18
30333.0	-685.77	-76.14	1022.35
30340.0	-545.61	-285.66	626.6
30349.0	-546.58	1018.96	720.21
30356.0	-498.57	408.84	1008.77
30364.0	-593.62	-53.35	750.76
30372.0	-426.3	355.98	530.58
30380.0	-516.03	66.44	1034.48
30388.0	-313.3	329.79	732.82
30395.0	-205.63	666.86	1066.49
30404.0	-289.05	108.64	1134.39
30411.0	-146.95	-42.68	1008.77
30419.0	-116.88	127.07	839.51
30427.0	-85.36	-180.42	1021.38
30435.0	5.33	-134.83	1072.79
30443.0	40.74	98.45	863.76
30450.0	121.25	36.86	1063.09
30458.0	106.21	11.64	1037.39
30466.0	112.52	81.48	901.11
30474.0	129.98	143.07	949.61
30482.0	161.02	167.81	1019.44
30490.0	103.3	27.64	1048.54
30497.0	47.04	132.4	1129.05
30505.0	125.61	158.59	912.75
30513.0	83.42	140.16	811.38
30521.0	121.25	451.52	543.67
30529.0	74.2	206.12	1039.81
30536.0	22.31	228.43	1248.36
30544.0	-42.68	20.85	1308.98
30552.0	-23.76	-19.4	917.6
30560.0	-1.45	342.89	881.22
30568.0	-1.45	-10.18	1194.04
30576.0	154.71	88.75	690.62
30583.0	23.28	503.9	568.41
30591.0	279.35	-205.63	1195.49
30599.0	272.56	594.11	984.52
30607.0	145.5	572.28	791.5
30615.0	184.3	57.71	791.5
30623.0	177.99	631.45	1317.71
30631.0	186.24	741.55	699.35
30638.0	224.06	509.24	1364.27
30646.0	490.32	668.8	1360.87
30654.0	429.7	571.32	665.4
30662.0	535.43	-470.44	1810.46
30670.0	479.65	33.95	1485.52
30678.0	445.22	184.3	1155.72
30685.0	390.41	-72.75	738.15
30693.0	376.84	321.55	318.15
30701.0	352.1	434.55	491.29
30709.0	571.32	-230.37	946.21
30717.0	416.6	392.35	922.93
30725.0	414.66	-138.71	1091.71
30732.0	363.74	251.71	1455.45
30740.0	313.79	17.46	963.18
30748.0	376.84	299.24	1322.08
30756.0	228.43	327.85	1287.64
30763.0	434.55	70.32	1187.25
30771.0	356.95	-86.33	664.43
30779.0	404.96	-64.5	1165.91
30787.0	214.85	309.91	1292.01
30795.0	-156.65	450.07	1122.75
30803.0	-124.64	709.54	273.05
30811.0	88.75	452.98	791.01
30819.0	223.58	-204.66	1215.38
30826.0	185.27	199.33	1263.88
30835.0	115.43	-230.37	1050.0
30842.0	162.96	132.89	1297.83
30850.0	74.2	583.44	1055.33
30858.0	-25.7	180.42	728.94
30865.0	-57.23	404.96	969.97
30873.0	-92.15	877.34	611.08
30881.0	-57.71	432.61	676.56
30889.0	-28.13	-81.96	880.25
30897.0	-169.26	504.39	1041.27
30905.0	35.89	364.71	1696.49
30914.0	71.78	512.63	883.16
30920.0	29.1	410.3	-109.61
30928.0	355.5	196.42	1019.93
30936.0	327.85	452.49	908.38
30944.0	331.73	577.62	1051.45
30952.0	228.91	112.03	-308.45
30960.0	412.24	305.06	905.47
30967.0	5.33	609.14	992.28
30975.0	323.49	16.97	417.57
30983.0	575.19	673.65	1074.25
30991.0	544.16	-21.82	374.9
30999.0	969.49	-146.47	-347.25
31007.0	739.61	1343.41	-143.07
31014.0	1276.0	410.78	1314.32
31022.0	1491.82	936.03	991.8
31030.0	1495.22	329.31	1090.25
31038.0	965.61	374.41	961.73
31046.0	492.26	221.15	423.88
31054.0	-103.3	303.6	1467.09
31061.0	-191.57	264.32	847.27
31069.0	-608.66	570.83	799.74
31077.0	-778.89	346.28	907.41
31085.0	-160.53	1091.71	1054.85
31093.0	-372.47	1619.37	2809.53
31100.0	-930.69	47.53	1906.48
31108.0	-672.68	75.66	3735.37
31116.0	-716.33	1599.97	3957.5
31125.0	-718.27	1067.94	6186.5
31132.0	-1065.52	-598.96	5691.81
31140.0	-92.15	-837.09	6513.38
31147.0	-563.56	-1341.96	2879.37
31155.0	-517.97	-567.92	5313.52
31163.0	-643.09	-1516.07	4646.18
31171.0	-675.1	-993.25	-767.25
31180.0	-1169.79	-512.15	-401.08
31187.0	-1196.95	193.99	-446.19
31194.0	-866.67	6.3	2263.92
31202.0	-308.45	-233.76	-1232.35
31210.0	-489.35	-506.81	2061.68
31218.0	-670.25	-621.27	-1787.18
31226.0	-648.91	-458.31	-223.58
31234.0	-374.41	-237.16	1113.53
31241.0	-170.72	-64.5	3019.53
31250.0	-149.38	-27.64	12.12
31257.0	-308.94	-479.17	-924.39
31265.0	-506.81	-755.61	1885.15
31273.0	-229.4	-662.98	778.89
31281.0	-80.02	-452.01	1905.03
31289.0	-106.7	-282.75	60.14
31296.0	-323.49	-227.94	834.18
31304.0	-174.11	-319.61	-600.9
31312.0	-81.96	-421.94	2657.25
31321.0	89.24	-426.3	1518.01
31328.0	136.28	-366.65	57.23
31336.0	91.66	-324.94	89.72
31343.0	116.88	-169.75	1355.05
31351.0	280.81	-114.94	1684.36
31360.0	461.71	128.04	327.85
31367.0	222.12	169.75	1017.02
31375.0	256.07	215.33	-695.96
31383.0	330.76	213.88	836.6
31390.0	492.75	249.28	1174.15
31398.0	408.84	369.56	1275.03
31407.0	399.14	363.26	-550.46
31414.0	361.32	325.43	655.7
31422.0	432.12	271.59	1567.48
31429.0	589.74	346.28	1072.31
31437.0	531.55	422.91	1006.83
31445.0	410.78	475.29	476.74
31453.0	361.32	454.43	756.1
31461.0	537.85	556.77	733.3
31469.0	475.29	634.36	1883.21
31476.0	415.15	712.45	426.3
31485.0	319.61	754.16	323.49
31492.0	363.74	740.58	811.87
31500.0	415.63	762.89	1574.75
31508.0	502.93	810.41	936.03
31517.0	411.75	708.08	668.8
31524.0	304.57	732.82	774.52
31532.0	393.81	813.32	535.43
31539.0	464.13	795.86	1330.81
31547.0	511.18	878.31	1155.72
31555.0	495.17	938.94	790.04
31563.0	604.29	966.09	341.92
31571.0	670.25	989.86	1482.12
31578.0	788.59	1003.44	1382.21
31586.0	837.09	1048.06	1001.98
31594.0	805.56	1050.97	743.97
31602.0	853.09	937.48	686.26
31610.0	934.09	1055.33	1032.05
31617.0	941.36	1143.11	1433.14
31626.0	948.64	1243.99	740.58
31633.0	855.52	1336.14	439.88
31641.0	959.79	2715.93	454.43
31649.0	867.64	2040.34	7223.89
31657.0	888.98	1556.81	4413.87
31665.0	837.57	1303.65	1283.28
31672.0	1069.4	1010.23	-885.1
31680.0	-413.69	1525.29	7407.7
31688.0	831.27	945.73	-2748.91
31696.0	589.26	1556.32	5388.21
31704.0	-1547.11	2406.51	311.85
31712.0	-812.84	1405.01	3626.25
31719.0	-99.91	1164.45	1540.8
31727.0	-145.98	-22.31	692.08
31735.0	422.42	339.01	757.55
31743.0	675.1	130.95	414.66
31751.0	835.15	419.51	722.15
31758.0	793.44	443.76	901.59
31767.0	252.68	531.55	1082.98
31774.0	-369.56	431.15	1486.49
31782.0	-204.18	-113.49	1037.39
31790.0	217.76	228.43	747.85
31798.0	264.8	160.53	1216.83
31807.0	132.89	-170.23	1633.44
31814.0	-161.99	184.3	659.1
31821.0	-55.77	136.77	962.7
31829.0	-224.55	453.95	1940.43
31837.0	-282.75	283.72	1136.33
31845.0	-339.98	-36.37	985.01
31852.0	-319.61	169.26	1462.24
31861.0	-369.08	-109.12	1090.74
31868.0	-428.73	6.3	1685.33
31876.0	-288.08	49.95	660.07
31884.0	-187.21	-48.98	1458.36
31892.0	-168.78	-109.61	1321.11
31900.0	-109.12	112.52	679.95
31908.0	-132.89	-66.44	1599.97
31915.0	-197.87	243.95	1288.61
31923.0	-149.38	-11.64	515.54
31931.0	-58.68	121.25	771.13
31939.0	-279.35	395.26	1259.51
31947.0	-381.68	61.59	981.61
31954.0	-471.89	26.67	1226.05
31962.0	-524.76	-232.79	1113.05
31970.0	-470.44	-323.97	1191.61
31978.0	-560.16	-480.62	474.8
31986.0	-656.19	-117.37	1309.47
31994.0	-712.45	246.37	716.81
32001.0	-599.93	885.1	782.77
32009.0	-661.52	612.05	759.01
32017.0	-669.77	-176.05	725.06
32025.0	-605.26	242.01	1148.45
32034.0	-600.41	809.44	1360.39
32041.0	-573.25	747.85	567.44
32048.0	-335.61	-95.54	1335.65
32056.0	-239.58	604.29	521.85
32064.0	-148.41	380.23	869.58
32072.0	-175.57	40.74	824.48
32080.0	-84.87	-13.09	724.09
32088.0	41.22	39.28	817.2
32095.0	97.0	193.02	1094.62
32103.0	178.48	311.85	692.56
32111.0	195.45	-98.45	1091.22
32119.0	148.41	150.35	1469.03
32127.0	275.47	281.78	1164.94
32135.0	310.39	48.01	975.79
32143.0	290.51	284.69	958.33
32150.0	274.99	-115.91	828.36
32158.0	276.44	272.56	1086.86
32166.0	229.88	245.89	956.88
32174.0	205.15	313.3	725.54
32182.0	284.69	307.97	868.13
32189.0	334.64	290.51	742.52
32197.0	299.72	174.11	900.62
32205.0	254.13	121.25	857.46
32213.0	263.83	-11.15	945.24
32221.0	322.03	70.81	388.96
32229.0	441.34	510.69	762.89
32237.0	309.91	-44.62	1415.68
32244.0	320.58	551.43	681.89
32252.0	283.23	1054.85	999.07
32260.0	61.11	-57.71	1071.34
32268.0	78.08	597.99	237.64
32276.0	364.23	656.19	750.28
32283.0	361.32	185.75	-59.65
32291.0	169.75	321.06	1040.3
32299.0	16.97	352.59	799.26
32307.0	225.52	120.28	1076.19
32315.0	340.95	72.26	904.99
32323.0	162.47	-84.39	638.73
32331.0	268.2	-78.08	635.82
32338.0	357.92	-224.06	1344.38
32346.0	349.19	62.56	910.32
32354.0	418.54	-207.57	910.81
32362.0	400.11	92.15	1252.72
32370.0	463.65	136.28	1084.92
32377.0	360.35	-69.84	1375.42
32385.0	354.04	18.91	1010.23
32394.0	409.81	315.73	969.97
32401.0	499.54	-137.74	646.0
32409.0	376.35	140.16	1605.31
32417.0	323.49	-137.25	732.82
32424.0	331.73	355.5	513.12
32432.0	160.53	258.5	630.0
32440.0	166.35	-271.11	1041.27
32448.0	108.64	49.47	1026.72
32456.0	126.1	387.02	1104.32
32464.0	33.95	200.78	828.36
32472.0	35.4	495.66	960.27
32479.0	-30.07	641.15	1810.94
32487.0	-97.97	949.12	838.54
32495.0	18.43	572.28	686.26
32503.0	6.79	568.41	2324.06
32511.0	-152.77	409.81	743.0
32519.0	-395.26	616.42	698.87
32526.0	-136.77	496.63	896.26
32535.0	-135.8	303.6	1111.11
32542.0	-128.04	469.95	663.46
32550.0	-42.19	473.83	1134.87
32558.0	149.38	364.71	1461.75
32565.0	-193.99	622.72	779.37
32573.0	64.5	713.42	705.17
32581.0	138.71	412.24	1162.03
32589.0	112.52	547.07	1013.14
32597.0	478.68	801.2	1046.12
32605.0	361.32	550.95	1335.65
32613.0	522.33	559.68	1184.82
32620.0	589.74	556.77	1038.84
32628.0	937.97	472.38	312.82
32636.0	1316.26	798.29	1520.92
32644.0	906.44	444.25	1801.73
32652.0	493.72	21.34	766.76
32659.0	-62.56	751.73	1400.64
32667.0	-299.24	252.68	624.66
32675.0	-727.0	335.13	1146.51
32683.0	-910.32	131.92	879.28
32691.0	-916.63	408.84	1327.9
32702.0	-259.95	1121.78	556.28
32707.0	-377.81	1446.72	1024.78
32715.0	-741.06	48.5	2078.66
32722.0	-702.75	404.96	1117.9
32730.0	-477.71	730.39	5786.38
32738.0	-18.91	1370.09	2826.51
32746.0	-105.73	356.95	5511.4
32753.0	-95.54	-92.15	4345.49
32761.0	429.21	-1989.42	3220.32
32769.0	-79.54	-761.92	6819.89
32777.0	138.22	-559.19	4501.17
32785.0	-34.43	-512.63	1669.33
32793.0	-555.8	-568.41	1602.4
32801.0	-1059.7	-795.38	-25.7
32808.0	-885.59	-1326.44	-1260.0
32816.0	-391.38	-1116.44	1432.65
32824.0	-311.36	-731.85	1983.6
32832.0	-196.42	-240.07	-1288.61
32840.0	-358.89	37.34	-1244.48
32848.0	-242.98	2.91	1305.1
32856.0	76.14	-263.83	1211.5
32863.0	397.69	-400.11	215.82
32871.0	134.83	-465.59	608.66
32880.0	-76.63	-202.72	-454.92
32887.0	56.26	-100.88	-224.06
32895.0	211.94	-47.53	1836.65
32903.0	264.8	-34.43	1606.28
32910.0	225.03	-116.88	-932.15
32918.0	149.86	-255.1	-258.5
32926.0	158.11	-390.9	1534.01
32935.0	423.39	-312.33	1154.75
32942.0	543.67	-53.83	725.54
32949.0	379.26	-60.14	706.63
32957.0	362.29	-164.41	295.84
32965.0	532.03	-203.69	839.03
32973.0	648.91	-198.36	2319.69
32982.0	586.83	-57.23	1207.62
32988.0	508.75	-60.62	-260.92
32996.0	404.48	-41.22	563.56
33004.0	448.13	20.85	1522.38
33012.0	593.14	79.05	705.66
33032.0	527.18	75.66	375.87
33039.0	352.1	-7.27	432.61
33044.0	385.56	31.52	225.52
33049.0	534.46	60.62	1142.15
33054.0	538.34	149.86	1817.25
33059.0	478.68	191.57	855.03
33067.0	436.49	226.0	61.11
33075.0	398.17	205.15	1206.65
33083.0	422.91	305.06	1599.0
33090.0	454.92	410.3	887.04
33098.0	314.76	495.66	598.96
33106.0	162.47	548.52	686.74
33114.0	194.96	604.78	781.8
33122.0	273.53	718.75	1379.3
33129.0	221.64	774.04	1647.02
33138.0	176.54	802.65	710.51
33145.0	184.78	795.38	643.58
33153.0	251.71	838.06	1548.08
33161.0	351.13	930.69	1720.25
33169.0	452.49	929.72	1095.1
33176.0	438.91	963.67	1075.7
33184.0	473.83	988.89	1210.53
33192.0	602.35	1042.24	1248.84
33200.0	677.53	1086.37	1517.04
33208.0	639.21	1113.05	1255.15
33216.0	653.76	1130.99	538.34
33224.0	725.06	1177.55	735.73
33232.0	1050.97	1360.39	591.68
33239.0	599.93	2682.46	9099.82
33247.0	308.94	634.85	-3489.48
33255.0	-163.93	146.47	3217.89
33263.0	843.88	76.14	743.97
33270.0	1426.35	263.83	-4206.29
33278.0	468.01	390.41	5137.47
33286.0	1007.32	1059.7	1088.8
33294.0	628.54	1666.42	1326.44
33302.0	35.89	1157.18	-117.85
33310.0	-1124.69	1689.7	-1603.85
33318.0	-149.38	1422.47	2662.58
33325.0	-275.47	1103.83	2412.81
33333.0	-442.79	480.62	763.37
33341.0	9.21	872.49	1788.15
33349.0	196.42	596.53	1518.01
33357.0	373.44	359.86	512.15
33364.0	500.99	-97.97	1079.58
33373.0	517.97	-87.3	781.8
33380.0	459.77	-90.21	1261.45
33388.0	276.44	193.02	551.43
33397.0	207.57	118.82	1484.55
33404.0	35.89	-214.36	1429.26
33412.0	-99.42	8.24	1034.96
33420.0	-209.03	-153.26	853.09
33427.0	-351.62	408.36	957.36
33435.0	-424.36	4.85	1144.08
33443.0	-520.88	594.59	1712.98
33451.0	-397.69	-67.9	1261.45
33459.0	-517.0	-123.19	1010.71
33466.0	-412.24	95.54	1583.48
33474.0	-288.57	-84.87	1397.25
33482.0	-363.74	-58.68	1136.33
33490.0	-350.65	292.93	357.44
33498.0	-430.67	872.49	1075.7
33506.0	-451.52	-47.04	961.24
33514.0	-487.41	383.62	724.57
33521.0	-554.83	62.56	1220.71
33529.0	-531.55	175.08	798.29
33537.0	-522.33	18.43	1042.72
33545.0	-535.43	470.92	882.19
33553.0	-546.58	-2.91	793.44
33561.0	-438.43	-196.9	742.03
33568.0	-408.36	-225.03	617.87
33576.0	-426.79	436.49	883.16
33584.0	-509.72	536.4	1329.84
33593.0	-388.47	475.29	782.77
33600.0	-423.88	-54.32	1055.33
33608.0	-302.63	53.83	862.31
33615.0	-274.5	129.01	709.05
33623.0	-172.17	294.39	983.07
33631.0	-143.56	323.49	896.26
33639.0	-109.12	130.95	1033.02
33647.0	-80.51	339.01	1334.68
33655.0	-18.91	313.3	788.59
33662.0	78.08	224.55	687.71
33670.0	186.72	148.89	773.07
33678.0	153.74	195.93	769.67
33686.0	153.74	353.07	769.19
33694.0	90.69	258.5	1037.39
33702.0	263.83	338.52	390.41
33709.0	274.5	455.89	1129.05
33717.0	261.41	99.42	1202.77
33725.0	250.74	380.72	815.26
33733.0	290.99	82.45	1061.64
33741.0	310.88	18.43	711.96
33749.0	323.49	195.45	954.45
33756.0	280.81	403.51	931.66
33764.0	296.81	-22.79	963.18
33772.0	237.16	251.71	1338.56
33780.0	172.17	235.7	1285.7
33788.0	55.29	255.1	1265.82
33796.0	109.61	92.63	1031.57
33803.0	150.35	486.44	1432.65
33811.0	132.89	458.8	1188.7
33819.0	202.24	217.76	824.96
33827.0	231.34	295.36	740.09
33835.0	296.33	309.42	781.8
33843.0	172.17	497.6	1197.43
33850.0	101.85	-81.48	1247.87
33858.0	48.98	0.97	1223.14
33866.0	36.37	147.92	1006.83
33874.0	120.28	69.35	756.1
33882.0	158.59	103.3	884.13
33890.0	145.01	195.93	1008.29
33897.0	178.96	64.5	865.7
33905.0	430.67	363.26	772.58
33913.0	303.12	162.47	1003.44
33921.0	292.93	360.35	482.56
33929.0	347.74	68.38	1103.35
33936.0	341.92	218.73	1121.29
33944.0	494.69	302.15	1057.27
33952.0	133.37	-198.84	1054.36
33960.0	166.84	420.97	1033.99
33968.0	287.11	462.68	929.24
33976.0	39.28	755.13	160.53
33984.0	-175.08	703.72	1248.84
33991.0	-56.26	892.38	987.43
33999.0	-243.95	434.55	1385.61
34007.0	-81.48	584.41	603.32
34015.0	-48.01	14.06	1406.46
34023.0	30.55	-551.92	1128.08
34030.0	-59.65	-131.43	1953.53
34039.0	-228.43	53.83	259.47
34046.0	-303.12	48.5	1673.69
34054.0	-557.25	5.33	186.24
34062.0	-378.78	-403.02	1040.78
34070.0	-190.12	485.96	-145.01
34077.0	-158.11	597.02	1728.01
34085.0	-439.88	461.22	912.26
34093.0	-533.49	502.45	761.43
34101.0	-510.69	739.61	638.73
34109.0	-265.77	559.68	1986.51
34117.0	-232.79	597.5	477.23
34124.0	-304.09	407.39	1401.13
34132.0	-66.44	574.71	1337.11
34140.0	-172.66	214.85	633.39
34148.0	224.55	794.41	215.82
34156.0	169.75	351.13	20.85
34164.0	109.12	606.23	759.49
34172.0	841.94	377.81	1592.21
34179.0	380.72	342.89	921.96
34187.0	464.13	645.52	825.45
34195.0	956.88	214.85	1445.26
34204.0	1249.33	629.51	880.25
34211.0	1229.44	602.84	1809.97
34219.0	1364.75	330.28	741.06
34226.0	1357.96	648.91	501.48
34234.0	908.38	626.12	853.09
34242.0	157.14	706.14	1137.3
34250.0	-428.73	297.78	680.92
34258.0	-745.91	526.21	1069.4
34265.0	-1018.47	377.32	828.36
34273.0	-1062.61	1096.56	776.46
34281.0	-492.75	1544.68	975.31
34289.0	-651.34	1159.12	3222.74
34298.0	-296.81	-122.7	3237.29
34305.0	-209.51	885.1	2312.9
34313.0	-586.35	-527.18	3711.61
34320.0	-271.11	672.68	4019.57
34328.0	-292.93	1058.73	5270.36
34336.0	277.41	-1829.86	5200.52
34344.0	793.44	-713.42	4348.4
34352.0	476.74	-1337.11	5740.31
34359.0	430.67	-1738.19	4554.03
34368.0	-177.51	-1343.41	59.65
34375.0	-592.65	-675.1	-159.56
34383.0	-615.93	-129.98	-371.99
34391.0	-112.03	12.12	1728.49
34399.0	208.06	-382.65	84.87
34407.0	32.98	-646.0	707.11
34415.0	-180.9	-696.44	-1306.56
34423.0	-101.36	-484.5	-185.27
34430.0	252.68	-66.93	1569.9
34438.0	421.94	283.72	1461.27
34446.0	327.37	208.54	-13.09
34454.0	138.22	-93.12	-1078.61
34462.0	22.79	-145.01	944.27
34469.0	140.16	-290.51	500.99
34477.0	118.34	2.91	986.95
34486.0	-37.34	119.31	-624.18
34493.0	-223.09	264.8	-288.08
34501.0	-28.13	220.18	394.78
34508.0	163.93	211.45	2371.59
34516.0	285.66	230.37	1811.91
34525.0	236.19	258.5	227.46
34532.0	144.53	163.44	595.08
34540.0	229.4	287.6	1338.08
34547.0	346.28	434.55	1926.37
34555.0	394.78	327.85	762.89
34563.0	234.25	236.67	429.7
34571.0	226.97	222.12	-94.57
34580.0	331.25	112.52	1141.66
34587.0	467.53	58.2	1544.2
34595.0	426.79	75.66	793.92
34602.0	332.7	48.98	-69.35
34610.0	305.54	-46.56	484.5
34618.0	380.72	-26.19	1471.94
34626.0	150.35	-1069.4	165.38
34634.0	-203.69	-7279.17	3817.33
34642.0	74.2	-2143.64	-1867.69
34649.0	-344.34	1110.14	2431.73
34657.0	207.09	1546.62	-3752.35
34665.0	-349.19	2579.65	2225.12
34673.0	300.21	595.08	582.47
34681.0	256.07	-728.94	1669.33
34689.0	190.6	-1267.76	2152.37
34696.0	244.43	-266.26	-472.86
34705.0	151.32	722.63	2605.35
34712.0	548.04	1780.39	832.24
34720.0	154.71	1645.56	3996.78
34728.0	381.68	916.14	-1738.19
34736.0	-202.24	-112.52	2101.45
34743.0	46.07	-52.38	17.46
34751.0	2.91	549.98	2151.89
34759.0	230.37	1044.66	665.4
34767.0	58.2	1259.51	1266.3
34775.0	15.03	1038.84	499.05
34783.0	274.02	1153.3	674.62
34791.0	222.61	813.81	3215.95
34798.0	22.31	2035.98	1873.99
34806.0	552.89	733.3	701.29
34814.0	341.43	1846.35	1281.34
34822.0	389.44	1120.32	370.53
34830.0	508.27	965.61	233.28
34837.0	484.5	592.65	854.55
34845.0	651.82	855.03	1840.53
34853.0	671.71	737.18	304.57
34861.0	692.56	1019.93	782.28
34869.0	320.58	106.7	-485.96
34877.0	1034.48	-698.38	-1367.18
34884.0	414.18	757.07	3454.08
34892.0	392.84	765.31	-7415.46
34900.0	335.13	1294.43	1596.09
34908.0	328.82	1576.69	1971.96
34917.0	847.76	932.63	-345.31
34924.0	888.98	549.01	2025.31
34932.0	1428.77	-749.31	-5536.13
34939.0	720.21	-136.77	-3010.32
34947.0	575.19	-839.03	-636.3
34955.0	797.32	1923.46	-1440.9
34963.0	845.33	-1242.54	-1255.15
34970.0	412.24	-347.25	2222.7
34978.0	822.54	451.52	-655.7
34986.0	339.49	357.44	2476.34
34994.0	481.11	159.56	-1161.06
35002.0	-204.66	901.11	943.3
35010.0	-400.6	-270.14	-2262.95
35018.0	-217.76	449.1	1417.13
35025.0	-1497.16	1635.38	2884.7
35033.0	-1694.55	725.06	2100.96
35041.0	-68.87	508.27	1065.03
35049.0	226.97	464.62	384.11
35057.0	103.79	648.43	1069.88
35065.0	151.8	436.97	1666.9
35072.0	275.47	264.32	799.74
35080.0	162.96	165.38	1606.28
35088.0	140.16	-7.27	1324.99
35096.0	-2.42	177.51	992.28
35104.0	-121.25	140.16	1416.65
35112.0	-293.9	-61.59	866.67
35120.0	-176.05	-10.67	999.07
35127.0	-9.7	62.56	264.32
35135.0	-241.04	-310.39	1490.85
35143.0	-268.2	-236.67	1432.65
35151.0	-93.6	-81.48	723.12
35159.0	-214.36	-255.59	1144.57
35167.0	65.96	12.61	955.42
35174.0	-36.37	274.99	1490.37
35182.0	-140.16	205.15	1390.94
35190.0	-90.69	80.51	1018.47
35198.0	-170.72	-434.06	1484.06
35206.0	-269.17	-73.72	1215.86
35213.0	-220.18	-397.69	1000.53
35221.0	26.19	739.12	-113.49
35229.0	-390.41	-60.62	1202.28
35238.0	-354.53	123.67	932.63
35245.0	-564.53	-40.74	894.8
35253.0	-615.45	54.32	865.7
35261.0	-485.47	-393.32	1376.88
35268.0	-470.44	-122.22	846.3
35276.0	-286.14	749.31	489.35
35284.0	-482.56	94.09	979.19
35292.0	-465.59	53.83	1092.68
35300.0	-368.11	244.92	1049.51
35308.0	-267.23	119.31	1127.6
35315.0	-325.43	417.09	963.18
35323.0	-299.24	179.93	1394.82
35331.0	-176.05	390.41	1295.89
35339.0	-66.93	-503.42	928.27
35347.0	-296.33	-115.91	1493.76
35354.0	-67.41	323.97	695.96
35363.0	-99.91	88.75	406.42
35370.0	60.14	126.1	631.94
35378.0	-10.18	393.32	1521.89
35386.0	36.86	227.46	426.3
35394.0	-20.85	263.83	934.09
35402.0	47.04	110.09	1001.5
35410.0	6.3	365.2	1272.61
35417.0	62.08	217.27	928.27
35425.0	48.98	336.58	1096.07
35433.0	129.01	66.93	778.4
35442.0	89.24	238.13	1082.01
35448.0	134.83	-666.37	960.76
35456.0	128.04	245.4	1109.17
35464.0	96.03	137.25	1044.18
35472.0	74.2	128.52	1299.28
35480.0	88.75	233.28	1011.2
35488.0	34.43	54.32	671.22
35496.0	77.11	183.33	715.36
35504.0	127.55	171.69	1216.83
35511.0	96.03	319.61	842.42
35519.0	216.3	131.92	982.1
35527.0	136.77	-45.59	1093.16
35535.0	263.35	230.37	1077.64
35543.0	213.39	238.13	943.3
35551.0	-4.36	165.38	1430.71
35558.0	-103.79	292.45	904.02
35566.0	260.44	280.81	1418.1
35574.0	229.4	393.32	888.01
35582.0	-22.31	-363.74	1116.44
35589.0	73.23	426.3	1374.94
35598.0	286.63	252.19	1426.35
35605.0	48.5	629.51	1314.8
35613.0	-124.64	-94.09	1333.71
35621.0	-74.69	244.43	1111.59
35629.0	-6.79	-233.76	1086.86
35637.0	234.25	-4.85	1182.4
35644.0	-22.79	128.52	852.61
35652.0	85.36	-41.22	1249.33
35660.0	100.39	455.4	671.22
35668.0	102.33	64.99	676.07
35677.0	22.79	-616.42	1156.69
35684.0	-203.69	235.22	669.77
35692.0	-87.78	560.65	709.54
35699.0	-22.79	673.16	1580.09
35707.0	201.27	197.87	675.1
35715.0	256.07	47.04	1480.18
35723.0	205.63	208.06	2789.16
35731.0	315.73	-124.64	1066.0
35739.0	-127.55	146.95	1582.51
35746.0	-76.14	358.89	874.92
35754.0	60.14	-477.23	1134.39
35762.0	133.86	598.96	21.34
35770.0	333.19	204.66	815.26
35778.0	560.65	941.85	-1007.32
35785.0	709.54	158.59	1749.83
35793.0	141.62	650.37	1500.07
35802.0	343.86	820.11	791.5
35809.0	275.96	662.98	1733.83
35817.0	-85.84	314.27	867.64
35825.0	97.48	1020.41	1341.96
35832.0	94.09	670.74	817.69
35840.0	-248.31	339.49	265.29
35848.0	-87.3	478.2	1495.22
35856.0	-192.54	-116.4	1820.16
35864.0	367.14	390.9	1237.2
35872.0	295.36	655.22	1549.53
35880.0	311.36	727.97	698.87
35887.0	311.85	722.63	527.18
35895.0	746.88	1076.19	1993.78
35904.0	753.67	819.14	-30.55
35911.0	755.61	293.9	1909.88
35919.0	1213.92	906.44	1306.56
35927.0	1438.96	376.35	1324.99
35934.0	1485.03	344.34	688.68
35942.0	1048.54	719.72	1421.98
35950.0	757.55	457.83	747.37
35958.0	346.28	516.51	1108.68
35965.0	146.95	507.78	1040.78
35973.0	-38.8	147.44	672.68
35981.0	-301.66	463.65	962.7
35990.0	-214.36	1077.16	679.95
35997.0	-31.52	1710.55	388.47
36005.0	211.94	1547.11	2507.87
36013.0	-143.56	-27.16	2314.36
36021.0	-537.37	-441.34	-152.29
36028.0	-1333.23	650.37	3158.24
36036.0	-633.39	1162.03	2972.0
36044.0	-59.17	693.53	4885.28
36052.0	-859.88	1219.74	4554.03
36060.0	-464.13	1551.96	1527.71
36067.0	-468.01	-227.46	3099.55
36075.0	-776.46	-2445.79	1162.51
36083.0	-415.15	-603.81	4425.02
36091.0	287.6	-331.25	3272.69
36099.0	-368.59	-240.07	3087.43
36107.0	-832.72	-674.13	-2401.66
36114.0	-1114.5	-1071.34	-1195.49
36122.0	-509.24	-1052.91	2267.32
36130.0	-28.61	-861.34	2596.62
36138.0	127.07	-243.46	84.87
36146.0	-356.95	30.07	-2258.59
36154.0	-559.19	39.28	32.98
36161.0	-22.31	-412.72	1352.14
36169.0	317.67	-625.15	3011.29
36177.0	305.06	-455.89	-208.06
36185.0	-233.28	-334.64	-1104.8
36193.0	-187.69	-258.5	-256.56
36201.0	107.67	-141.62	2781.89
36209.0	489.35	21.82	2196.99
36216.0	317.18	-226.0	181.87
36224.0	7.76	-366.17	-741.06
36232.0	102.82	-360.35	312.33
36241.0	374.9	-216.3	2697.5
36248.0	668.31	148.89	1986.99
36255.0	545.61	715.84	718.75
36263.0	602.35	1408.4	-1235.26
36271.0	226.49	-2203.3	1362.81
36279.0	825.45	-2547.64	-35.89
36287.0	174.6	-515.06	2357.04
36296.0	-264.32	4400.29	-1454.48
36302.0	193.99	4205.81	1019.93
36310.0	-133.86	2870.15	3382.79
36318.0	371.99	-1288.13	902.56
36326.0	782.28	142.1	2142.19
36334.0	110.09	-3136.9	-879.77
36342.0	141.62	-2511.75	2418.15
36349.0	174.6	-792.95	2179.05
36357.0	117.85	639.7	145.5
36365.0	-153.26	2005.42	-261.41
36373.0	24.25	1883.69	162.47
36381.0	-273.53	534.94	2503.99
36390.0	81.48	73.23	-1144.57
36396.0	-336.58	240.55	1634.89
36404.0	-247.34	874.43	44.13
36412.0	-318.64	1554.38	779.86
36420.0	-158.11	2248.89	-143.56
36428.0	-334.16	2235.79	2004.45
36436.0	-341.43	1606.28	236.67
36443.0	-272.56	1313.83	46.56
36451.0	-374.41	1388.52	2255.68
36459.0	-184.3	1756.62	1649.93
36467.0	-182.84	2033.55	1356.99
36475.0	-108.64	2067.5	449.1
36483.0	-372.47	1834.71	1709.1
36490.0	-172.17	1539.83	-473.35
36498.0	-217.76	1509.77	1017.99
36506.0	-263.35	1447.2	398.66
36514.0	32.01	1494.73	-1356.99
36522.0	8.24	526.7	-794.41
36530.0	-338.52	1091.22	834.66
36537.0	-6.3	1195.49	-3257.66
36545.0	-311.36	1572.81	-2563.64
36553.0	-1942.37	-882.19	15891.58
36561.0	3040.39	1685.82	-2130.55
36570.0	-3768.35	2747.45	2678.58
36577.0	-4972.09	2551.03	3963.32
36585.0	198.36	2011.24	-42.19
36592.0	1046.6	717.3	48.98
36600.0	690.14	346.77	1123.72
36608.0	244.43	-549.98	-513.12
36616.0	436.0	-271.11	1371.54
36624.0	762.89	232.31	935.06
36632.0	1013.14	-513.6	1241.57
36639.0	908.87	-920.02	773.07
36647.0	782.77	345.8	756.1
36655.0	828.84	91.18	1091.22
36663.0	524.27	257.53	1200.83
36671.0	239.1	-456.37	2245.01
36679.0	162.96	-678.01	1752.26
36686.0	39.77	269.17	1532.07
36694.0	23.76	-39.28	797.32
36702.0	58.68	8.73	1275.03
36710.0	-205.63	223.09	630.97
36718.0	-343.37	-94.57	1201.8
36726.0	-374.9	-32.98	1685.33
36734.0	-501.48	172.17	939.91
36741.0	-718.75	70.81	1337.59
36749.0	-761.92	254.13	442.31
36757.0	-845.82	115.43	1066.0
36766.0	-634.85	-347.74	1917.64
36772.0	-1222.17	566.47	1308.98
36780.0	-1169.3	1.45	646.97
36788.0	-987.92	-81.96	1085.89
36796.0	-1108.68	-267.71	1290.55
36804.0	-946.21	-630.0	1517.53
36812.0	-832.24	277.9	1024.78
36820.0	-791.01	354.53	1435.08
36828.0	-701.78	285.17	949.12
36835.0	-532.52	444.73	683.35
36843.0	-361.32	-203.21	1462.24
36851.0	-371.02	471.41	878.8
36859.0	-306.51	60.62	979.67
36867.0	-233.28	19.4	1574.75
36874.0	-182.36	-87.78	1083.46
36882.0	-119.31	632.91	880.74
36890.0	-127.55	762.89	675.59
36898.0	-163.93	-76.14	1469.03
36906.0	-123.19	166.35	734.76
36914.0	-116.88	181.87	186.72
36922.0	-40.74	99.42	996.16
36929.0	32.98	93.12	1227.5
36937.0	-34.43	161.5	1057.27
36945.0	43.16	30.55	955.91
36953.0	76.14	-46.56	1149.42
36961.0	7.27	101.36	1049.51
36969.0	162.47	132.4	974.34
36976.0	194.96	120.76	938.94
36984.0	274.99	584.89	1016.53
36992.0	115.43	228.91	1158.63
37000.0	225.03	301.66	1229.93
37008.0	231.34	151.8	1334.68
37015.0	225.52	152.29	1313.35
37023.0	215.82	80.99	882.68
37031.0	244.43	70.32	1201.31
37039.0	267.23	191.08	1321.11
37047.0	224.55	444.25	1103.35
37055.0	265.29	439.4	1311.89
37062.0	211.45	124.16	1054.36
37070.0	110.58	193.51	1649.93
37078.0	185.75	178.96	867.64
37086.0	222.12	966.58	1249.81
37094.0	29.1	250.74	709.05
37102.0	-106.21	159.08	1907.45
37110.0	-127.55	64.02	937.48
37117.0	-85.84	200.3	611.57
37125.0	-136.77	123.19	1012.17
37133.0	-123.67	77.6	687.71
37141.0	-286.63	203.69	761.92
37148.0	-161.02	-82.93	453.46
37157.0	-353.07	108.15	1354.57
37164.0	-391.38	94.09	1184.82
37172.0	-536.4	136.77	-1217.8
37180.0	-465.59	76.63	953.0
37188.0	-441.34	15.03	24.25
37195.0	-461.71	57.71	1241.08
