Time	Yaw	Pitch	Roll
12002.0	161.02	-677.04	897.23
12010.0	-244.92	-394.29	1081.04
12018.0	-348.71	-651.34	746.4
12025.0	-299.72	-541.73	-323.0
12033.0	-231.82	-331.73	902.56
12042.0	-434.06	-750.76	1074.73
12049.0	-194.96	-430.18	1086.86
12057.0	-197.87	-560.16	924.39
12066.0	-94.09	-332.7	211.94
12073.0	18.43	-269.65	742.03
12081.0	148.89	-756.1	304.57
12089.0	111.06	-229.88	390.9
12097.0	280.32	-189.63	883.16
12104.0	646.49	-705.66	911.78
12112.0	631.45	-422.42	757.07
12120.0	597.5	-1106.26	1171.24
12128.0	692.56	-1168.82	1323.05
12137.0	783.25	-397.69	757.07
12144.0	974.82	-971.43	734.76
12152.0	1026.72	-952.03	655.22
12160.0	903.53	-610.11	737.67
12168.0	536.4	-950.58	840.97
12175.0	-76.14	-660.55	842.42
12184.0	-443.76	-441.34	696.93
12191.0	-500.02	-841.45	697.9
12199.0	-507.3	-1171.24	148.41
12207.0	-471.41	-1369.6	1585.42
12215.0	-826.42	-528.64	216.79
12223.0	-1037.87	287.6	2140.73
12231.0	-888.98	17.46	1592.21
12238.0	-522.82	172.17	4067.59
12246.0	-493.72	-837.09	1695.52
12254.0	-590.23	-899.65	5126.32
12262.0	322.52	-1625.68	5277.63
12271.0	479.65	-1103.83	5862.04
12278.0	501.48	1887.09	3629.16
12286.0	491.78	1801.73	4688.86
12294.0	610.11	1161.06	6873.24
12302.0	348.71	1522.38	2914.29
12309.0	-176.54	888.5	-1925.4
12317.0	-987.43	434.06	290.51
12325.0	-687.71	-195.93	927.3
12333.0	-123.67	338.04	1152.81
12341.0	-64.02	1161.06	192.05
12349.0	-420.48	950.09	-254.62
12357.0	-718.75	323.97	-1665.93
12365.0	-349.68	-258.01	-653.28
12373.0	-69.84	-109.61	2673.73
12381.0	108.64	476.74	254.13
12388.0	-37.83	949.61	-2051.98
12396.0	-240.55	423.39	-1363.78
12404.0	-194.48	66.93	1488.43
12412.0	83.9	-150.83	1235.26
12420.0	158.11	48.98	-155.68
12428.0	-187.21	92.15	248.31
12436.0	-175.08	145.98	-50.44
12444.0	51.89	21.34	1655.75
12451.0	205.15	-99.42	2519.51
12459.0	48.5	-80.51	1370.57
12467.0	-58.2	63.05	-764.34
12475.0	-5.33	131.92	391.87
12484.0	48.01	66.93	2835.24
12491.0	207.09	45.59	1373.0
12499.0	135.8	113.49	-144.53
12507.0	54.8	196.9	-145.01
12515.0	100.88	272.56	1113.05
12523.0	356.95	189.63	1331.29
12530.0	414.66	80.99	1193.07
12539.0	229.4	157.14	517.97
12546.0	238.13	219.7	-509.72
12554.0	392.84	7.76	886.56
12562.0	518.45	-27.16	2037.43
12570.0	483.05	-41.71	1179.49
12578.0	404.48	-86.33	-331.73
12586.0	349.19	-129.98	526.7
12594.0	433.09	-170.23	1925.88
12601.0	596.53	-367.14	1536.44
12609.0	562.1	-528.64	1037.87
12617.0	405.45	-571.8	769.19
12626.0	404.48	-630.0	1057.27
12633.0	557.25	-776.95	1621.31
12641.0	575.68	-1011.2	2133.46
12649.0	411.27	-1123.23	1375.91
12656.0	307.0	-1141.66	372.96
12665.0	329.79	-1121.78	1124.2
12672.0	394.29	-1221.68	1858.96
12680.0	404.48	-1485.03	1399.67
12688.0	335.61	-1464.18	436.0
12696.0	269.65	-1365.72	618.84
12704.0	315.73	-1528.68	1156.21
12712.0	440.85	-1850.23	1310.92
12721.0	443.28	-1870.6	1228.96
12728.0	381.2	-1793.0	645.52
12735.0	275.47	-1483.09	612.05
12743.0	307.97	-1480.67	896.26
12751.0	275.47	-1662.54	1046.12
12759.0	217.27	-1759.53	490.81
12767.0	259.95	-1661.57	507.78
12775.0	268.2	-1491.34	1239.63
12783.0	296.33	-1262.42	1380.76
12791.0	292.45	-1163.48	1016.53
12799.0	137.74	-1007.8	810.41
12806.0	73.23	-1071.82	2671.79
12814.0	424.85	-1038.84	2319.21
12822.0	226.49	577.62	1872.54
12830.0	324.94	-2259.56	689.17
12838.0	-166.35	-1107.71	4451.7
12846.0	164.41	-55.29	-786.65
12854.0	-1214.41	-470.92	802.65
12862.0	-1085.89	-287.6	-1211.5
12869.0	-795.38	-676.56	3349.81
12877.0	-1809.97	-1052.42	2720.78
12885.0	-2035.98	-1083.95	1780.39
12893.0	-1280.37	-772.58	2449.67
12901.0	-710.51	-500.51	619.33
12909.0	29.1	-557.74	356.47
12917.0	487.41	-817.69	574.22
12925.0	220.18	-1054.36	1853.14
12934.0	-78.57	-889.95	1058.24
12941.0	529.12	-461.22	843.39
12948.0	547.07	-205.15	1045.15
12956.0	384.11	-106.7	874.43
12964.0	299.24	-231.82	687.71
12972.0	113.0	-124.64	757.55
12980.0	32.01	-86.81	1187.73
12988.0	-81.48	30.07	969.49
12996.0	-161.5	-91.66	1938.01
13004.0	-268.2	-152.77	996.65
13011.0	-296.33	-50.44	670.25
13019.0	-445.7	-22.31	1095.59
13027.0	-522.33	171.2	1201.31
13035.0	-469.47	-14.06	704.2
13043.0	-504.39	-253.65	980.16
13051.0	-606.23	-115.43	675.59
13059.0	-581.01	-308.45	1017.99
13067.0	-541.73	-173.63	893.83
13074.0	-541.73	-77.11	1149.9
13082.0	-506.33	-80.02	687.23
13091.0	-411.27	20.85	1089.28
13098.0	-295.84	-2.42	821.57
13106.0	-256.07	-228.43	980.64
13114.0	-188.66	-104.27	1012.65
13122.0	-123.19	-618.84	1159.6
13130.0	-168.78	-342.89	908.87
13138.0	-112.03	137.25	1082.01
13146.0	-129.01	-108.64	1221.68
13153.0	35.89	-212.42	1407.43
13161.0	1.45	5.82	1146.02
13169.0	-13.58	-66.93	1081.52
13177.0	-25.22	-33.46	849.7
13185.0	-82.93	-220.67	1009.26
13193.0	-112.52	-80.99	802.65
13201.0	6.3	-304.09	1182.4
13209.0	-55.77	-62.08	1287.16
13217.0	-55.77	-81.96	676.07
13225.0	52.86	-172.66	904.5
13232.0	-155.2	175.08	863.76
13240.0	-118.34	39.28	935.54
13248.0	-122.22	-413.21	1089.28
13257.0	-140.65	-556.28	1065.52
13264.0	-225.03	-32.98	1041.27
13272.0	-192.05	69.84	1050.0
13280.0	-199.81	-733.79	933.6
13288.0	-275.96	-307.97	690.14
13295.0	-232.79	-292.93	1267.76
13303.0	-180.9	-407.87	1156.69
13311.0	-146.47	-244.43	1164.45
13319.0	74.69	-339.98	929.72
13327.0	114.94	-986.46	1509.28
13335.0	170.23	1231.87	897.23
13343.0	197.39	122.22	1015.08
13351.0	267.71	-265.29	576.65
13359.0	141.62	-982.1	449.58
13366.0	73.23	-223.09	1211.5
13374.0	8.24	-489.35	663.95
13382.0	128.52	-431.64	947.67
13390.0	235.7	-494.2	626.12
13398.0	307.48	-612.05	909.84
13407.0	453.46	-520.39	870.07
13414.0	676.56	-618.84	513.12
13422.0	388.96	-660.07	835.15
13429.0	367.14	-512.63	1035.93
13438.0	261.41	-400.11	269.17
13445.0	380.72	-514.57	914.69
13453.0	384.11	-401.57	1059.21
13461.0	588.77	-396.72	746.4
13469.0	727.0	-446.19	717.3
13477.0	657.64	-486.44	877.34
13485.0	565.01	-403.51	784.22
13493.0	394.29	-558.71	1088.8
13501.0	140.65	-333.19	728.94
13508.0	280.32	-783.25	727.0
13516.0	48.98	-766.76	1261.94
13524.0	312.33	-417.09	743.49
13532.0	437.94	-229.4	975.31
13540.0	515.54	-771.61	755.13
13548.0	-149.38	-400.11	939.42
13556.0	126.1	126.1	556.28
13564.0	282.26	-565.5	1325.47
13572.0	201.75	-365.2	1800.27
13579.0	-55.77	-619.81	850.18
13587.0	-139.19	-195.93	1450.6
13595.0	82.93	-255.1	931.18
13603.0	-75.66	-291.48	1150.87
13611.0	-231.34	-182.36	864.25
13619.0	-298.27	-4.85	1103.35
13627.0	-397.69	-198.36	1024.78
13635.0	-509.72	-515.06	463.65
13642.0	-623.21	-422.91	799.26
13651.0	-645.03	-500.51	558.22
13658.0	-476.74	-368.11	1332.74
13666.0	-520.39	-804.11	1366.21
13674.0	-82.93	-720.69	366.17
13682.0	-279.35	-682.38	714.87
13690.0	-112.03	-514.57	750.28
13698.0	192.54	-1073.76	501.96
13706.0	544.16	-487.41	212.91
13713.0	655.7	-392.35	1385.61
13722.0	895.77	-965.61	891.41
13729.0	1218.77	-2103.39	4.85
13737.0	1293.46	-67.9	-18.91
13745.0	1225.08	-1029.14	504.39
13753.0	1351.17	-936.03	914.2
13761.0	881.71	-888.98	746.88
13769.0	-163.93	-613.99	727.48
13777.0	-708.57	-629.51	1100.92
13785.0	-1126.14	-355.01	1233.81
13792.0	-1044.66	-1130.51	655.22
13800.0	-807.99	-1472.91	2567.04
13808.0	-1268.73	-441.82	1159.6
13816.0	-1042.72	1152.33	1916.67
13824.0	-1173.67	203.69	1826.95
13832.0	-1220.23	-334.64	2507.38
13840.0	-1049.51	-1753.71	3694.63
13848.0	-1329.84	-1607.73	8151.67
13855.0	-184.78	-135.31	4555.97
13863.0	318.15	2282.35	3441.47
13871.0	113.0	1224.59	5876.59
13879.0	245.89	1089.28	4654.91
13887.0	154.23	847.27	1972.93
13895.0	-250.74	400.6	151.8
13903.0	-958.82	130.46	-510.69
13911.0	-592.17	-247.83	-483.53
13918.0	-140.16	-53.35	1793.0
13926.0	28.61	938.45	1694.06
13934.0	-57.71	788.59	-1225.08
13942.0	-304.57	167.81	-892.38
13950.0	-303.12	-474.8	1543.71
13958.0	33.95	-211.45	1903.58
13966.0	253.16	446.19	41.71
13974.0	-14.55	658.13	-137.25
13982.0	-239.58	751.25	-350.65
13990.0	-113.49	339.98	-163.93
13998.0	29.1	140.65	623.69
14005.0	-74.2	161.99	280.81
14013.0	-233.76	370.05	-1262.91
14021.0	-198.84	374.9	-924.39
14029.0	-46.56	258.01	1797.85
14037.0	169.75	58.2	2194.57
14045.0	245.89	50.44	626.6
14053.0	168.29	97.0	256.56
14061.0	109.12	160.05	1185.31
14069.0	266.26	159.56	1479.7
14076.0	392.84	50.44	1219.74
14085.0	241.04	30.07	757.55
14092.0	132.4	9.21	-323.97
14100.0	238.61	-60.14	62.08
14108.0	381.68	-74.69	1521.41
14116.0	427.76	-111.55	1357.48
14124.0	430.67	-75.66	-167.32
14131.0	425.82	-51.41	-94.09
14139.0	471.41	-12.12	1369.12
14147.0	578.1	-80.02	1561.17
14155.0	627.57	-62.08	928.75
14164.0	507.78	-64.99	650.37
14171.0	402.05	-49.95	741.06
14179.0	501.96	-85.36	1181.43
14187.0	575.19	-203.21	1756.14
14195.0	477.71	-259.95	1493.28
14202.0	383.62	-249.77	552.89
14210.0	376.84	-271.59	840.97
14218.0	399.63	-387.02	1841.01
14226.0	402.05	-552.4	1691.15
14235.0	351.62	-532.03	801.68
14242.0	275.47	-689.17	733.3
14250.0	271.11	-693.53	1269.21
14258.0	371.99	-853.09	1509.28
14266.0	420.97	-949.61	1515.59
14274.0	347.25	-926.81	1257.57
14282.0	330.76	-958.33	920.51
14289.0	383.62	-1008.29	1178.52
14297.0	452.49	-1084.43	1725.58
14305.0	448.13	-1217.8	1458.84
14313.0	398.17	-1387.55	664.43
14321.0	361.32	-1351.17	675.59
14329.0	327.85	-1504.92	1341.96
14337.0	362.29	-1645.08	1340.99
14345.0	363.74	-1698.91	1312.38
14352.0	304.57	-1654.29	1351.66
14360.0	301.66	-1687.76	1061.15
14368.0	324.94	-1483.09	924.39
14376.0	372.96	-1564.57	1195.01
14384.0	366.65	-1470.97	1278.43
14393.0	426.79	-1386.58	900.62
14400.0	429.21	-1331.78	1113.53
14408.0	422.42	-1267.27	1450.6
14416.0	412.72	-1147.48	1213.44
14423.0	576.65	-911.78	-1163.0
14431.0	730.88	-641.15	681.41
14439.0	-237.64	-524.27	2970.55
14447.0	-144.04	-417.09	-4478.86
14455.0	-515.54	-992.28	-1662.54
14463.0	-442.31	1512.68	4075.83
14471.0	1204.22	-1132.45	7453.28
14479.0	-1322.08	-1540.8	-434.06
14486.0	-1650.9	-1044.18	-1269.21
14494.0	-829.81	-1068.43	4210.17
14502.0	-1446.72	-744.46	1040.3
14510.0	-1800.27	-1228.47	1824.52
14518.0	-1281.82	-664.92	1438.96
14526.0	-909.84	-671.71	951.55
14534.0	-381.2	-581.98	801.2
14542.0	47.53	-603.32	1034.96
14550.0	125.13	-368.11	1161.54
14558.0	272.56	-66.44	1066.0
14565.0	348.71	165.87	1158.63
14573.0	410.78	1.45	809.44
14581.0	358.89	-244.92	1322.08
14589.0	460.25	-182.84	1004.89
14597.0	384.59	-49.47	1065.03
14605.0	238.13	-39.77	1053.39
14613.0	121.73	-2.42	1092.68
14621.0	-99.91	39.77	928.27
14628.0	-268.2	-183.33	944.27
14636.0	-407.87	-36.37	1212.95
14644.0	-548.04	93.6	917.6
14652.0	-687.71	-56.26	987.92
14660.0	-807.5	290.51	1394.34
14668.0	-835.15	111.06	881.71
14676.0	-883.16	475.29	488.87
14684.0	-988.4	354.04	1835.19
14691.0	-1104.8	-254.62	616.42
14700.0	-991.31	0.48	257.04
14707.0	-686.74	-156.65	184.78
14716.0	-851.15	-39.28	622.24
14723.0	-737.67	20.37	367.62
14731.0	-636.3	-273.53	1053.39
14739.0	-415.15	-1324.5	499.05
14747.0	-382.17	-752.22	201.27
14755.0	-345.8	-158.59	1378.82
14762.0	-245.4	-282.75	1181.43
14771.0	-152.29	-467.04	492.26
14778.0	26.19	-185.75	872.01
14786.0	173.63	-328.34	1309.47
14794.0	267.23	-242.49	927.3
14802.0	394.29	-348.71	879.77
14810.0	401.57	-122.7	928.75
14818.0	476.74	-43.65	988.89
14826.0	412.24	-36.86	965.61
14834.0	497.6	466.07	757.55
14842.0	449.1	-291.48	1126.63
14849.0	441.34	-5.33	991.31
14857.0	424.36	-244.92	1490.37
14865.0	437.46	-188.66	1167.85
14873.0	387.99	-122.22	1024.78
14881.0	324.94	-329.79	798.29
14889.0	325.91	-193.51	833.69
14897.0	698.87	-212.42	299.24
14905.0	124.16	-860.85	1920.06
14913.0	241.04	-549.01	959.79
14920.0	107.18	-269.17	923.9
14928.0	127.55	-183.33	969.0
14936.0	126.58	-205.15	1066.49
14944.0	113.0	-140.16	791.5
14952.0	92.15	-37.83	958.82
14960.0	37.34	-252.19	989.37
14968.0	98.45	-173.14	1115.96
14975.0	48.5	-339.49	813.32
14984.0	133.37	-165.87	1133.42
14991.0	106.7	-246.86	1125.66
14999.0	191.57	-433.58	836.6
15007.0	294.87	-160.53	1351.17
15015.0	181.87	-301.66	746.88
15023.0	167.81	-244.43	1089.28
15031.0	305.54	-493.72	1007.8
15039.0	279.35	-167.32	1050.97
15046.0	339.01	-540.28	1121.78
15054.0	375.87	-688.68	909.35
15062.0	453.46	-674.62	716.81
15070.0	499.54	-53.83	488.38
15078.0	581.01	-438.91	908.87
15086.0	502.45	-165.87	971.43
15094.0	365.2	-127.07	1269.21
15102.0	329.31	-71.78	1116.44
15110.0	214.85	-600.9	1021.38
15117.0	193.02	-245.4	1036.42
15125.0	168.78	-395.75	980.16
15133.0	71.29	-356.47	947.18
15141.0	136.77	-518.94	843.39
15149.0	79.05	-527.18	584.41
15157.0	42.19	-267.23	1414.71
15166.0	-37.83	-581.98	877.83
15173.0	-54.8	-759.01	843.39
15180.0	-174.11	-387.5	1241.57
15188.0	-4.85	-322.03	828.36
15196.0	-52.86	-259.95	1225.56
15204.0	-96.51	-257.53	651.34
15212.0	-384.11	-287.6	1035.93
15220.0	-357.92	93.12	851.15
15228.0	-655.7	-441.82	993.74
15236.0	-1048.54	-224.55	1428.29
15244.0	-752.22	-395.26	1436.05
15252.0	-884.13	-145.01	194.48
15259.0	-663.46	-513.12	1338.08
15267.0	-804.59	-268.68	664.43
15275.0	-290.51	-929.24	557.74
15283.0	-528.15	-1805.61	1361.36
15291.0	-144.04	-175.57	476.26
15300.0	-142.1	-162.96	1292.49
15307.0	-22.31	-600.9	1823.55
15315.0	56.74	425.33	773.07
15323.0	399.14	-432.61	871.04
15330.0	474.32	-355.01	866.67
15338.0	466.56	-845.82	1568.93
15346.0	714.39	-750.28	889.95
15354.0	885.1	-406.9	1363.3
15362.0	1000.04	-589.26	765.79
15370.0	1051.45	-501.48	1035.93
15378.0	891.41	-1263.39	658.13
15386.0	1269.21	-689.17	613.51
15393.0	1215.38	-699.35	723.12
15402.0	1234.78	-395.26	829.81
15409.0	624.66	-1055.82	904.5
15417.0	3.39	-1063.09	1468.06
15425.0	-424.85	-766.28	1544.68
15433.0	-513.6	-1052.91	1065.52
15441.0	-552.4	-1233.81	266.74
15449.0	-670.25	-985.49	628.54
15457.0	-942.33	-616.42	1320.14
15464.0	-832.72	-45.59	1993.3
15472.0	-590.71	-1203.74	1956.44
15480.0	-677.53	-296.33	1985.05
15488.0	-538.34	-450.07	3751.38
15497.0	-80.99	-1197.43	4498.26
15504.0	-45.1	-76.14	3460.87
15512.0	-584.41	156.65	4446.85
15520.0	325.91	1116.93	3407.52
15527.0	11.15	528.15	5177.24
15535.0	547.07	467.04	4415.32
15544.0	72.26	507.3	3243.11
15551.0	-373.44	302.63	-87.78
15559.0	-899.65	288.08	-1331.29
15567.0	-735.73	282.26	1316.74
15575.0	-224.06	350.65	1419.07
15583.0	-178.96	356.95	706.63
15591.0	-308.94	455.4	-1795.42
15599.0	-668.8	169.75	-267.71
15606.0	-339.01	-1.94	366.65
15614.0	-28.13	-210.0	1356.02
15622.0	8.24	452.01	573.25
15630.0	-245.89	487.41	-1382.21
15638.0	-411.75	400.6	-1037.39
15646.0	-315.24	-18.43	316.21
15654.0	-178.48	70.81	1994.75
15662.0	-103.3	140.16	79.54
15670.0	-293.9	262.38	-444.25
15677.0	-317.67	219.7	615.93
15685.0	-160.53	155.2	2249.86
15693.0	60.14	77.6	2174.2
15701.0	10.67	121.73	784.22
15709.0	-151.32	151.8	478.2
15717.0	-153.74	239.58	627.09
15725.0	35.4	217.76	1860.41
15733.0	105.73	192.54	1584.94
15741.0	46.56	246.37	66.93
15748.0	-2.42	293.42	-581.98
15756.0	90.69	232.79	594.59
15765.0	281.78	183.81	1761.96
15772.0	400.6	76.14	889.95
15780.0	338.52	77.11	64.5
15788.0	268.2	66.44	186.24
15796.0	394.29	80.99	1068.91
15804.0	556.28	73.23	1603.37
15811.0	560.65	17.94	1102.86
15820.0	436.0	35.89	405.93
15827.0	451.52	0.48	337.55
15835.0	533.49	-119.31	1523.35
15843.0	610.11	-264.8	1790.57
15851.0	570.83	-350.65	919.05
15859.0	452.01	-390.41	410.3
15867.0	456.86	-422.91	936.03
15876.0	545.13	-747.37	1690.18
15882.0	607.69	-746.88	1463.21
15890.0	522.33	-794.89	1055.82
15898.0	425.33	-861.34	736.7
15906.0	427.27	-973.37	1114.5
15914.0	511.18	-944.76	1655.26
15923.0	509.24	-1048.54	1472.42
15930.0	393.32	-1089.77	729.91
15938.0	351.62	-1208.1	385.56
15946.0	386.05	-1190.64	1020.41
15953.0	479.65	-1227.99	1371.54
15961.0	511.66	-1389.97	1054.36
15969.0	480.62	-1410.34	687.23
15978.0	453.46	-1430.71	847.27
15985.0	491.29	-1509.77	1315.77
15993.0	504.87	-1540.8	1428.77
16001.0	430.67	-1522.38	1061.15
16009.0	284.69	-1440.9	477.71
16017.0	227.46	-1480.18	451.52
16025.0	240.55	-1477.76	893.35
16032.0	253.16	-1440.41	1047.09
16040.0	266.74	-1414.22	954.45
16048.0	267.23	-1483.09	1755.65
16056.0	530.58	-1078.13	-1635.38
16064.0	449.58	-1118.38	1899.7
16072.0	344.83	-1535.95	5753.4
16080.0	613.99	-1200.83	-571.8
16087.0	34.92	-1923.46	2006.39
16095.0	-1043.69	-1100.44	-1064.55
16103.0	-458.31	-1171.73	1545.65
16111.0	-307.0	-1066.0	2474.89
16119.0	-1136.33	-889.47	1063.58
16127.0	-930.21	-593.62	1631.5
16135.0	-570.35	-592.65	1171.24
16143.0	-270.14	-109.12	813.32
16151.0	295.36	86.81	1015.56
16159.0	551.92	344.34	1046.6
16167.0	459.77	286.14	1200.34
16174.0	63.53	395.26	1635.86
16182.0	-214.36	93.6	1491.82
16190.0	259.47	-165.87	947.18
16198.0	207.09	18.43	1882.72
16206.0	175.08	-278.38	524.76
16214.0	2.91	100.39	671.71
16222.0	-79.54	24.73	1497.64
16229.0	-203.21	130.95	628.54
16237.0	-308.45	-188.18	624.18
16245.0	-387.5	312.33	945.24
16253.0	-496.63	164.41	1135.36
16261.0	-756.58	435.52	1004.41
16269.0	-727.0	227.94	1199.37
16277.0	-761.92	-427.27	1047.09
16285.0	-758.52	290.51	848.73
16293.0	-848.73	324.94	1342.44
16301.0	-951.55	98.94	604.78
16309.0	-981.61	220.18	690.62
16316.0	-848.24	-111.55	800.23
16324.0	-807.5	-344.34	870.07
16332.0	-785.19	-663.95	960.76
16340.0	-640.18	-413.69	1116.93
16348.0	-545.61	540.28	193.51
16356.0	-613.51	392.35	1004.89
16364.0	-420.48	-242.49	1375.91
16372.0	-244.43	-167.81	719.24
16379.0	-140.65	-688.68	275.96
16387.0	-223.09	-675.59	1111.11
16395.0	-96.51	-764.34	845.33
16403.0	50.92	-433.09	537.85
16411.0	38.31	-420.0	897.23
16419.0	129.49	-192.54	1016.05
16427.0	183.33	-56.74	635.33
16435.0	283.72	-261.89	1047.57
16443.0	313.79	-126.58	1002.47
16450.0	391.38	-364.71	680.92
16458.0	323.49	-249.28	1419.56
16466.0	314.76	-35.89	969.0
16474.0	336.58	-0.97	894.32
16482.0	299.24	-289.54	988.4
16490.0	361.8	-183.81	577.62
16498.0	323.97	-256.07	970.46
16506.0	297.78	-437.94	1139.72
16513.0	247.34	-123.67	1087.34
16522.0	216.3	-155.68	735.24
16529.0	231.82	-68.38	878.8
16537.0	82.45	-199.81	1180.94
16545.0	120.76	-173.63	1014.59
16553.0	87.3	-189.63	1099.95
16561.0	-7.76	-289.05	1172.21
16569.0	-42.19	-442.79	870.55
16577.0	45.59	-282.26	704.2
16584.0	41.71	-127.55	1110.14
16592.0	-71.78	-11.15	888.01
16600.0	38.31	-259.47	738.64
16608.0	-24.73	-477.23	1326.93
16616.0	-129.98	-309.42	1227.02
16624.0	-45.1	-446.67	1120.32
16632.0	-170.23	-91.18	1304.13
16640.0	36.37	-271.11	1054.36
16648.0	-34.92	-441.34	979.19
16655.0	-97.0	-632.42	780.34
16663.0	-83.9	-271.11	815.26
16671.0	152.77	-452.98	958.82
16679.0	101.85	22.79	958.33
16687.0	165.87	-245.4	1199.37
16695.0	257.53	-277.41	759.49
16704.0	264.32	-308.94	1175.61
16711.0	310.88	-366.65	668.8
16719.0	274.99	-560.16	1125.17
16726.0	298.27	-215.82	1065.03
16734.0	388.47	80.51	787.62
16742.0	344.34	-252.19	978.22
16750.0	418.06	-364.71	1001.98
16758.0	358.89	-337.55	637.76
16766.0	275.47	-254.62	1029.63
16774.0	61.59	-234.73	910.32
16782.0	-73.72	-119.79	774.52
16790.0	-16.49	-606.23	802.17
16797.0	47.53	-243.95	976.28
16806.0	160.53	-479.65	668.8
16813.0	162.96	-425.82	823.51
16821.0	106.21	-296.33	385.08
16829.0	204.18	-437.46	679.47
16837.0	-14.06	-559.68	1190.64
16845.0	239.58	-731.85	-137.74
16853.0	184.3	-764.82	165.87
16861.0	101.85	-644.55	1385.61
16868.0	-114.46	-248.8	617.39
16876.0	-414.18	101.85	1022.84
16884.0	-280.32	-600.9	713.42
16892.0	-238.61	-256.56	1097.04
16900.0	-435.03	-458.31	710.51
16908.0	-222.61	-59.65	193.51
16916.0	-314.76	-388.47	1130.99
16924.0	-371.02	-897.23	1370.09
16932.0	-247.83	180.42	819.14
16940.0	-24.73	-665.89	1056.3
16947.0	-246.86	-584.41	863.28
16955.0	194.48	-1083.46	1049.51
16963.0	461.22	-861.34	2176.62
16971.0	524.76	-396.23	1205.19
16979.0	930.69	-1204.22	1659.63
16988.0	911.78	-76.63	1133.42
16995.0	1285.22	-805.56	458.31
17003.0	1505.89	-560.65	1122.26
17010.0	1472.91	-479.17	1312.38
17018.0	964.15	-531.55	468.98
17026.0	293.9	-934.09	727.48
17034.0	-209.03	-885.1	629.51
17042.0	-621.75	-443.28	1131.96
17050.0	-827.87	-461.71	1069.4
17058.0	-564.04	-1678.54	722.15
17066.0	-1195.01	-1273.58	1596.58
17074.0	-765.31	90.69	3439.04
17081.0	-548.52	-124.16	2815.35
17089.0	-848.24	177.99	2843.97
17097.0	-1189.19	518.45	1441.87
17105.0	-1541.77	305.54	3792.12
17113.0	-730.39	-1391.91	5053.08
17121.0	-259.95	585.86	5377.05
17129.0	-82.45	1625.19	4172.35
17138.0	86.81	2523.39	4535.6
17144.0	366.65	247.34	5161.23
17152.0	165.87	245.89	3857.1
17160.0	-226.49	133.86	343.37
17168.0	-843.88	886.07	-333.19
17176.0	-975.31	1163.97	498.08
17184.0	-268.68	632.42	1462.24
17192.0	-21.82	-238.61	1379.79
17200.0	-175.08	-275.47	-562.59
17208.0	-580.53	-16.97	-1196.46
17215.0	-414.66	290.99	-161.5
17223.0	-73.23	398.66	2218.82
17231.0	204.18	306.03	1302.19
17240.0	35.89	141.13	-745.43
17247.0	-275.47	-82.93	-905.47
17255.0	-205.63	76.14	365.68
17263.0	27.64	118.34	1524.8
17271.0	63.05	287.6	347.74
17279.0	-174.6	120.28	-709.05
17287.0	-323.0	74.2	-1103.35
17294.0	-184.78	-118.82	626.6
17302.0	57.71	-119.79	1978.26
17310.0	115.43	-87.78	1300.25
17318.0	31.04	16.49	67.9
17326.0	31.52	-59.17	308.45
17335.0	136.77	-161.02	2077.69
17342.0	300.69	-180.9	1935.58
17350.0	250.25	-148.41	685.29
17357.0	127.07	-141.62	-308.94
17365.0	115.91	-185.27	223.09
17373.0	284.2	-186.72	1401.61
17381.0	412.24	-320.58	1420.53
17389.0	352.1	-351.13	518.94
17397.0	305.06	-258.98	-298.27
17406.0	351.62	-193.51	660.55
17413.0	452.01	-255.59	1673.21
17421.0	491.78	-206.12	1259.51
17428.0	403.99	-226.0	142.59
17437.0	314.76	-228.91	-18.91
17444.0	349.19	-213.39	1003.44
17452.0	474.32	-288.57	1419.56
17460.0	619.81	-2320.18	1510.25
17468.0	659.1	1318.68	-1702.79
17476.0	205.63	-1461.27	1690.18
17484.0	344.34	-1314.8	720.69
17492.0	122.7	-1358.45	744.94
17500.0	10.67	-382.65	-1408.4
17507.0	367.62	-166.84	1805.12
17515.0	226.0	-629.51	2252.28
17523.0	558.71	-1011.2	1017.02
17531.0	129.49	-1149.42	752.22
17539.0	301.66	-775.01	209.51
17547.0	218.73	-785.68	2546.18
17555.0	508.27	-767.73	1222.17
17562.0	385.08	-1019.93	1864.29
17570.0	217.27	-1097.04	74.69
17578.0	380.72	-1266.79	289.05
17586.0	376.35	-1211.5	1945.77
17594.0	649.4	-1266.79	1476.3
17602.0	381.2	-1244.48	1252.72
17610.0	424.36	-1942.37	-900.62
17618.0	115.91	-1510.25	3550.11
17626.0	648.43	-1405.49	1786.21
17635.0	330.76	-1655.75	1169.3
17641.0	457.83	-1438.47	1851.2
17649.0	381.68	-1227.5	571.8
17657.0	401.57	-1075.7	29.58
17665.0	628.06	-1064.55	993.25
17673.0	481.11	-863.28	2537.94
17681.0	572.77	-1017.02	112.52
17689.0	246.86	-1085.4	2654.82
17697.0	227.94	-1121.78	-26.19
17704.0	422.91	-1037.39	165.87
17712.0	137.25	-694.99	-591.68
17720.0	-167.81	-874.43	-1754.68
17728.0	-136.28	-586.83	2739.69
17736.0	579.07	-535.43	2541.82
17744.0	903.05	-1133.42	4553.55
17752.0	-854.06	337.07	2124.73
17760.0	-3184.91	-215.33	-1429.26
17768.0	-1367.66	-1255.15	5533.22
17776.0	-818.66	-317.67	984.04
17783.0	-1103.35	-653.28	-235.7
17791.0	-322.52	-536.4	920.99
17799.0	101.36	-687.23	320.09
17807.0	405.93	-764.82	138.71
17815.0	817.69	-637.27	650.37
17823.0	711.48	-244.92	655.7
17831.0	301.66	-0.97	1721.22
17839.0	-512.63	-477.71	2151.4
17847.0	-357.92	-312.33	1204.71
17854.0	234.73	-179.93	1171.24
17862.0	300.21	-304.09	1013.14
17871.0	99.42	-425.82	1112.56
17878.0	-4.85	-167.32	680.44
17886.0	-21.82	-0.97	1124.2
17894.0	-36.37	183.81	1416.65
17902.0	-88.27	-146.47	1069.88
17910.0	-167.81	-0.48	1177.55
17918.0	-217.27	221.15	1085.89
17925.0	-258.98	316.7	1266.79
17933.0	-365.68	-0.48	1086.86
17941.0	-443.28	208.06	1541.29
17949.0	-634.36	227.94	1294.92
17957.0	-553.37	150.83	1197.43
17965.0	-624.66	-125.61	1018.47
17973.0	-704.2	-62.56	968.52
17981.0	-461.71	-643.58	852.61
17989.0	-453.95	-341.92	924.87
17996.0	-432.61	-64.99	666.86
18004.0	-491.29	-557.25	790.53
18013.0	-401.08	-536.88	659.58
18020.0	-383.62	-528.64	727.0
18028.0	-274.02	-611.57	667.83
18036.0	-219.21	-264.8	919.05
18044.0	-197.39	-314.76	1148.45
18052.0	-214.85	-396.72	807.99
18059.0	-64.02	-78.57	1193.55
18067.0	-86.33	-140.16	1193.55
18075.0	-140.65	-145.98	1188.7
18083.0	-101.85	-40.25	1437.02
18091.0	-86.81	-216.3	1261.94
18099.0	-34.92	-106.21	1210.53
18107.0	-37.34	-150.83	904.5
18115.0	42.68	-16.97	1150.39
18122.0	60.62	-162.47	840.0
18130.0	25.7	-143.07	1116.93
18139.0	72.26	-134.34	866.67
18146.0	185.27	-134.34	801.2
18154.0	-1.94	-92.63	1156.21
18162.0	0.97	-68.38	686.26
18170.0	-3.39	-130.46	875.4
18178.0	18.43	-259.95	1190.64
18186.0	-54.8	-309.42	1228.47
18194.0	-144.53	-319.12	756.1
18201.0	-4.85	-194.48	901.11
18209.0	-181.87	-97.97	911.29
18217.0	-82.93	-228.43	1129.05
18225.0	-52.38	-298.27	779.86
18233.0	-1.94	-197.39	1104.32
18241.0	60.62	-200.78	861.82
18250.0	2.91	-116.4	1163.48
18257.0	40.25	-479.17	319.61
18265.0	19.4	-28.61	1103.35
18273.0	-43.65	-422.91	1254.18
18281.0	99.42	-423.39	873.46
18288.0	200.3	-463.16	821.57
18296.0	302.15	-233.28	1169.3
18304.0	290.51	-242.49	801.68
18312.0	332.22	-476.74	785.19
18320.0	290.99	-543.19	952.03
18328.0	180.42	-506.81	1107.23
18336.0	183.33	-298.27	249.28
18343.0	238.61	-139.68	1566.51
18351.0	175.08	-244.43	650.37
18360.0	248.8	-517.48	884.13
18367.0	366.17	-544.16	979.19
18375.0	350.16	-398.17	709.05
18383.0	256.56	-498.08	1205.68
18391.0	61.11	-412.72	939.42
18399.0	113.0	-580.04	1025.75
18407.0	-144.04	-480.62	852.12
18414.0	-33.95	-762.4	947.67
18422.0	-73.72	-726.51	694.99
18430.0	43.65	-654.73	1298.8
18438.0	174.11	-872.49	128.04
18446.0	-48.5	-733.3	-135.8
18455.0	-30.55	-823.02	567.44
18462.0	12.61	-962.7	-474.8
18470.0	29.1	-1310.44	82.93
18482.0	345.8	-818.17	1109.65
18487.0	161.02	479.17	355.98
18493.0	197.87	6.3	1961.29
18501.0	-122.22	877.83	1712.98
18509.0	-42.19	465.59	1671.27
18517.0	-41.22	774.52	1754.2
18525.0	70.81	-95.54	1637.32
18533.0	221.64	-337.55	513.6
18541.0	280.32	-114.46	1334.68
18548.0	279.84	-310.39	1307.04
18556.0	321.06	-388.96	931.18
18564.0	287.6	-435.52	905.47
18572.0	209.03	-602.84	1491.82
18581.0	162.96	-622.72	1862.35
18588.0	-115.91	-678.5	297.3
18596.0	-95.06	-986.46	866.19
18604.0	-7.27	-739.12	238.13
18611.0	419.51	-904.5	454.43
18620.0	711.96	-703.23	752.7
18628.0	1115.47	-186.24	1528.68
18635.0	956.88	-441.82	-459.77
18643.0	1118.38	-795.86	596.53
18651.0	1225.56	-1083.95	1246.9
18659.0	814.78	55.77	1167.85
18667.0	137.74	-577.13	1031.57
18675.0	-162.47	-729.42	861.34
18683.0	-553.86	-647.46	1058.24
18691.0	-654.25	-886.56	591.2
18698.0	-503.9	-682.86	264.8
18707.0	-1020.41	-972.4	2150.92
18714.0	-905.47	142.1	2724.17
18722.0	-1305.1	-80.99	1307.04
18730.0	-1187.25	-288.08	2604.38
18738.0	-807.99	-806.53	2878.4
18746.0	-514.09	-1413.74	4527.84
18754.0	-186.24	-41.22	7271.41
18761.0	338.04	237.16	4684.01
18770.0	111.06	2245.01	3791.63
18777.0	-159.08	138.22	6089.02
18785.0	232.79	72.75	3470.08
18793.0	-73.23	247.34	1398.22
18801.0	-492.26	490.81	-995.19
18809.0	-1215.38	512.15	-763.85
18817.0	-717.3	743.49	361.32
18826.0	-167.32	100.88	2222.7
18832.0	-0.48	-33.46	1301.22
18840.0	-443.76	492.26	-2275.08
18848.0	-616.9	816.72	-980.16
18856.0	-381.2	649.4	1762.44
18864.0	53.83	566.95	2473.92
18872.0	231.34	593.62	-215.33
18880.0	-192.05	267.23	-772.58
18888.0	-377.32	257.53	-2.91
18895.0	-99.42	468.01	958.82
18903.0	274.02	78.57	1720.73
18911.0	78.08	-13.09	425.82
18920.0	-207.57	55.77	-1404.52
18927.0	-263.35	-170.72	-765.79
18935.0	-147.92	-128.52	1876.42
18943.0	-16.97	51.89	1769.72
18951.0	-78.08	160.05	-319.12
18960.0	-245.89	186.24	-421.94
18967.0	-233.28	44.13	1226.05
18974.0	51.41	-36.37	2167.41
18982.0	177.51	-62.56	1698.91
18990.0	32.98	64.5	611.08
18998.0	-99.91	127.55	-115.91
19007.0	31.04	87.78	724.09
19014.0	163.44	-73.23	2109.69
19022.0	188.66	-113.0	1249.33
19030.0	130.46	2.91	-661.52
19037.0	95.06	70.81	-392.84
19046.0	227.94	52.38	1341.47
19053.0	385.08	21.34	1642.17
19061.0	404.48	-14.06	544.64
19069.0	205.63	-42.68	56.74
19078.0	262.38	-1250.78	-1493.28
19085.0	782.77	1433.62	2588.38
19093.0	124.16	-206.12	2981.7
19102.0	453.95	188.18	-2221.24
19108.0	-250.74	-27.16	444.73
19116.0	-198.36	-22.31	-611.08
19124.0	399.63	-623.69	2090.3
19132.0	274.99	-1149.42	2033.07
19140.0	104.76	-646.0	1053.39
19148.0	22.79	-203.69	-1098.5
19157.0	234.25	-339.98	1567.96
19164.0	144.53	-878.31	4096.69
19172.0	251.71	-1067.94	661.52
19180.0	53.83	-1121.78	-123.67
19187.0	-81.48	-808.96	501.48
19195.0	77.6	-563.07	2261.5
19203.0	340.95	-848.73	1240.11
19211.0	337.55	-1052.42	953.97
19219.0	41.71	-1136.33	622.24
19228.0	220.18	-1100.92	-406.42
19235.0	379.75	-1788.15	2370.62
19243.0	510.21	-1539.35	4781.0
19250.0	450.07	-1217.32	3252.32
19258.0	429.21	-1720.25	1599.0
19266.0	433.58	-1629.56	595.08
19274.0	356.47	-1615.01	-1115.47
19282.0	381.68	-1156.21	-345.31
19290.0	621.27	-1101.89	1951.59
19299.0	735.73	-1246.42	2273.14
19306.0	542.7	-1396.76	585.38
19314.0	434.55	-1331.78	-789.56
19321.0	346.28	-1000.53	2184.87
19329.0	867.16	176.54	-1340.99
19337.0	626.12	-1730.92	3063.18
19345.0	1032.05	-1803.67	-2720.78
19353.0	524.27	-877.83	-4265.95
19361.0	-26.19	-719.24	3748.95
19369.0	734.76	35.4	256.56
19377.0	371.99	-426.79	1301.22
19385.0	250.74	-281.78	180.9
19393.0	313.79	-789.07	575.68
19400.0	-75.17	-438.91	3421.1
19408.0	524.27	-550.46	3500.64
19416.0	355.5	307.0	-415.15
19424.0	342.89	-62.08	-73.23
19432.0	-751.25	793.44	-129.98
19440.0	-1346.81	-119.79	-1911.82
19447.0	-1055.82	-990.83	2755.21
19456.0	-1167.36	143.56	2072.84
19464.0	-1087.34	-383.62	1818.22
19471.0	-930.69	-114.46	795.86
19479.0	-404.96	-451.04	771.13
19487.0	14.06	-509.72	639.7
19495.0	305.06	-836.6	1197.43
19503.0	-196.9	-1036.9	2310.48
19511.0	-290.51	-863.28	884.13
19519.0	201.75	-530.58	1132.45
19527.0	414.18	-310.88	1085.89
19534.0	491.29	-182.84	1101.41
19542.0	306.03	-411.75	1316.74
19550.0	172.17	-343.86	893.83
19558.0	155.2	-54.8	879.28
19567.0	-63.05	-240.07	1152.33
19574.0	-41.71	-155.68	1078.61
19582.0	-121.73	-226.49	973.37
19590.0	-189.15	-214.85	948.15
19598.0	-400.6	-130.95	1156.21
19605.0	-382.65	87.3	538.34
19613.0	-477.23	-96.51	1012.17
19621.0	-596.05	-81.96	1007.8
19629.0	-532.03	-220.67	1148.45
19637.0	-722.15	-72.26	1313.83
19645.0	-515.54	-27.64	728.94
19653.0	-510.69	-22.31	1073.28
19661.0	-493.72	7.76	769.19
19669.0	-333.67	-196.9	975.31
19676.0	-419.03	-109.61	931.66
19684.0	-366.17	-172.17	1055.33
19692.0	-341.92	-92.15	1214.41
19700.0	-307.97	24.25	1003.44
19708.0	-214.85	-175.57	1199.37
19716.0	-216.79	-241.52	926.33
19724.0	-42.68	-318.64	535.91
19732.0	32.01	-45.1	1056.3
19740.0	-109.12	-221.64	791.98
19747.0	-51.89	-68.38	828.84
19756.0	-41.71	-36.37	1073.76
19763.0	-32.01	-82.93	949.12
19771.0	-44.62	-149.38	889.95
19780.0	-16.49	-253.65	812.35
19787.0	-8.73	-237.16	1071.82
19795.0	101.85	-183.33	1177.06
19803.0	79.54	-304.09	844.36
19810.0	121.73	-100.88	943.79
19818.0	154.71	-516.03	794.89
19826.0	135.8	-35.89	924.87
19834.0	98.45	-178.48	988.89
19842.0	102.33	-332.7	1016.05
19850.0	4.85	-210.0	933.6
19858.0	48.01	-444.25	1163.0
19866.0	-60.14	-445.22	735.73
19874.0	30.07	-202.72	929.24
19882.0	125.61	-319.12	854.55
19890.0	193.02	-225.52	1035.93
19897.0	240.55	-195.93	999.56
19905.0	249.28	-64.5	1104.32
19913.0	263.83	-94.09	1238.66
19921.0	303.6	-224.06	1023.32
19930.0	318.15	-284.2	644.06
19937.0	281.78	-284.69	1103.35
19944.0	187.69	-480.62	1069.88
19952.0	147.44	-348.22	1060.18
19960.0	331.73	-391.38	1049.51
19968.0	431.15	-332.22	1196.46
19976.0	398.66	-377.81	1029.63
19984.0	384.11	-280.81	883.65
19992.0	173.63	-121.25	1191.61
20000.0	112.52	-470.44	669.77
20008.0	-8.24	-312.82	1000.53
20016.0	146.47	-214.36	1235.75
20023.0	147.92	-258.5	1051.94
20031.0	71.29	-178.48	549.01
20039.0	48.5	-463.16	1286.67
20047.0	113.97	-444.25	944.76
20055.0	-25.22	-508.27	753.19
20063.0	84.39	-341.43	1195.01
20071.0	-76.14	-171.2	662.49
20079.0	-124.64	-375.87	1158.63
20086.0	-146.95	-218.73	838.54
20094.0	54.8	-423.88	766.76
20102.0	-34.43	-362.29	1098.98
20110.0	6.3	-825.93	355.01
20118.0	29.1	-97.48	831.75
20126.0	-119.31	-403.51	1174.15
20134.0	25.22	-792.47	1560.2
20142.0	-117.85	-516.03	1373.48
20150.0	121.25	-975.31	577.62
20158.0	157.14	-76.14	920.02
20165.0	-309.42	-239.1	955.91
20173.0	92.15	96.03	1685.33
20182.0	336.58	-398.17	1274.06
20189.0	146.47	-624.18	1258.06
20197.0	-189.15	208.54	-147.44
20205.0	52.38	102.82	1300.74
20213.0	-112.52	-437.94	1443.32
20221.0	-335.61	-365.2	551.43
20228.0	-98.45	-420.48	2176.14
20236.0	93.12	-376.35	395.75
20244.0	162.96	-937.48	1259.51
20252.0	143.07	-1071.82	1333.23
20260.0	441.82	-239.1	490.81
20269.0	407.39	-117.85	1545.17
20276.0	482.08	-928.27	350.65
20284.0	659.1	-188.18	1032.05
20292.0	513.12	-503.9	369.08
20300.0	736.7	-857.46	626.6
20307.0	1039.81	-669.77	1164.45
20315.0	1368.63	-799.74	1395.31
20323.0	1375.91	-302.15	1268.24
20331.0	1462.24	-744.46	-60.14
20339.0	1198.89	-649.4	1062.61
20347.0	527.18	-844.36	1051.45
20355.0	-87.3	-355.01	1003.44
20363.0	-249.28	-1184.82	609.63
20370.0	-671.71	-1261.94	512.15
20379.0	-495.66	-716.81	489.84
20386.0	-1131.48	-417.57	1210.53
20394.0	-753.67	445.22	2650.46
20402.0	-588.29	-392.35	3055.9
20410.0	-763.37	151.8	4256.73
20418.0	-441.82	443.28	4106.39
20426.0	-383.62	-3.39	3138.35
20434.0	-973.37	-568.89	4215.02
20441.0	341.92	2861.43	4134.03
20449.0	-76.14	572.28	5592.39
20457.0	214.36	-635.82	5529.82
20465.0	-121.73	-597.5	1969.53
20473.0	-410.78	513.6	439.88
20481.0	-731.85	793.92	498.08
20489.0	-961.24	1023.81	622.24
20497.0	-384.11	254.62	-161.99
20504.0	-481.59	-303.6	769.67
20513.0	-401.08	-181.87	-432.12
20520.0	-555.31	-2.42	-722.15
20528.0	-298.27	380.23	215.33
20536.0	-347.74	717.3	1663.99
20544.0	-161.02	844.85	-137.74
20552.0	-291.48	464.13	-1017.02
20560.0	-447.64	161.5	-15.03
20568.0	-411.27	74.2	408.36
20576.0	-266.74	214.36	765.79
20583.0	-173.14	341.92	549.01
20591.0	-338.52	225.03	949.12
20599.0	-250.74	155.2	239.1
20607.0	-220.18	55.77	1363.3
20616.0	-115.43	79.54	1877.87
20623.0	-143.07	143.07	904.99
20631.0	-131.92	181.87	176.54
20639.0	-143.56	111.55	770.16
20647.0	-55.77	33.46	1553.41
20655.0	81.96	9.21	713.9
20662.0	72.75	23.76	546.58
20671.0	-12.12	140.65	461.71
20678.0	40.74	-32.01	525.24
20686.0	197.39	-181.87	882.19
20694.0	213.88	-203.69	1081.04
20702.0	198.84	-297.3	563.07
20710.0	233.76	-283.72	-58.68
20718.0	282.26	-140.16	889.95
20726.0	338.04	-113.0	1301.71
20733.0	373.93	-96.03	738.15
20742.0	349.68	-115.43	383.14
20749.0	287.11	-171.69	733.3
20757.0	350.65	-65.96	1045.15
20765.0	397.2	-106.7	948.64
20773.0	367.62	-255.1	671.71
20781.0	212.91	-670.74	887.04
20789.0	344.34	-210.48	485.96
20796.0	200.78	-439.4	2097.57
20804.0	219.7	-153.26	309.42
20812.0	26.67	-302.15	386.53
20820.0	137.74	-390.9	-210.48
20829.0	298.75	-535.91	2142.67
20836.0	354.53	-735.24	1634.89
20844.0	321.55	-921.96	935.54
20852.0	188.18	-898.68	513.6
20859.0	237.16	-715.84	999.07
20867.0	263.83	-632.91	1971.96
20875.0	351.62	-693.53	744.46
20884.0	199.33	-950.58	889.95
20891.0	177.02	-1041.27	102.33
20899.0	317.67	-1070.85	981.61
20907.0	398.66	-1111.59	1653.81
20915.0	461.71	-1192.58	1390.94
20923.0	354.53	-1321.11	970.46
20930.0	392.84	-1437.99	451.04
20938.0	374.41	-1628.1	1765.84
20946.0	412.24	-1551.47	1423.44
20954.0	365.2	-1523.83	979.67
20962.0	244.92	-1501.52	375.38
20971.0	157.62	-1816.76	1588.82
20978.0	546.58	-1238.17	2264.41
20986.0	484.99	-1538.86	1890.97
20994.0	310.88	-1415.19	2326.97
21001.0	701.78	-1133.9	246.37
21009.0	396.23	-980.64	495.17
21017.0	545.13	-846.3	853.58
21025.0	612.54	-736.21	907.9
21033.0	988.89	-760.46	-1071.34
21041.0	618.84	-1731.4	2023.37
21049.0	193.02	-713.9	1114.99
21057.0	-459.77	504.87	243.95
21064.0	24.73	-2738.24	1314.8
21072.0	651.34	-1716.37	3415.28
21080.0	-268.2	-1084.92	781.31
21088.0	-2040.83	-331.73	-105.73
21096.0	-1022.35	-1085.89	3788.72
21104.0	-957.85	-173.14	1845.86
21112.0	-890.44	-828.84	1348.26
21120.0	-471.89	-264.8	576.16
21128.0	-311.85	-784.71	74.69
21136.0	372.96	-534.94	637.27
21143.0	696.44	-661.52	367.62
21151.0	821.57	-339.49	494.69
21159.0	775.01	92.15	1284.25
21168.0	-330.28	196.9	2686.34
21175.0	-1363.78	-189.15	2252.28
21183.0	-144.53	-74.69	567.44
21191.0	171.2	126.1	1002.95
21199.0	106.7	-8.73	1005.38
21207.0	90.69	-153.74	1133.42
21214.0	-96.03	16.97	1382.21
21222.0	-120.28	-138.71	1187.25
21230.0	-105.24	-321.06	711.48
21238.0	-207.09	-728.45	968.52
21246.0	-299.72	-399.14	1075.22
21254.0	-365.2	574.71	1637.32
21263.0	-436.0	-139.19	624.18
21270.0	-492.75	-22.31	1221.68
21278.0	-444.73	-312.33	1050.97
21286.0	-461.71	-169.75	1187.73
21293.0	-446.67	-145.98	1017.5
21301.0	-549.49	-266.74	858.43
21309.0	-539.79	-347.74	1400.16
21317.0	-534.94	-191.57	648.43
21325.0	-345.8	-639.7	1136.81
21333.0	-385.08	-613.51	778.89
21341.0	-269.17	-75.17	775.49
21348.0	-233.28	-39.77	929.72
21356.0	-135.8	-567.92	1177.06
21364.0	-140.65	-201.75	1014.11
21372.0	-157.62	208.54	945.73
21380.0	-66.93	-257.53	968.03
21388.0	-59.17	-581.5	1121.29
21396.0	1.45	-772.58	1048.06
21404.0	31.04	-518.45	980.16
21412.0	-98.45	-177.02	797.8
21419.0	13.58	-143.07	1247.87
21427.0	6.79	-342.89	1400.16
21435.0	146.47	92.63	992.77
21443.0	96.03	-801.2	1168.82
21451.0	68.87	68.87	543.19
21459.0	63.05	24.25	1082.01
21467.0	71.29	-330.76	866.19
21475.0	116.88	-98.94	1004.89
21483.0	216.3	190.6	726.51
21490.0	203.21	37.83	808.47
21498.0	139.19	24.25	906.44
21506.0	199.33	-65.96	639.21
21514.0	191.57	-365.68	959.79
21522.0	172.17	-296.33	1257.57
21531.0	97.0	-247.83	583.44
21538.0	33.46	-577.62	801.2
21546.0	-5.33	-648.43	802.65
21554.0	30.07	-300.69	1214.41
21561.0	-8.24	-435.52	343.86
21569.0	90.21	-139.19	1279.88
21577.0	154.23	0.0	1128.08
21585.0	224.55	-339.49	1330.32
21593.0	168.78	-306.03	695.47
21601.0	87.3	-359.86	1382.7
21609.0	36.86	-327.85	569.86
21617.0	50.92	-77.6	1287.64
21625.0	181.87	-125.61	747.85
21632.0	78.08	-25.7	1073.28
21640.0	164.41	-156.17	644.06
21648.0	255.59	-57.23	1196.95
21656.0	151.32	-361.32	696.44
21664.0	177.51	-229.4	881.71
21672.0	69.35	-268.2	1463.69
21681.0	165.38	-464.13	1239.14
21688.0	64.99	-152.77	1256.12
21696.0	171.2	-146.95	475.77
21704.0	165.38	-191.57	1027.69
21711.0	102.33	-209.03	1181.43
21719.0	69.35	-395.75	1250.78
21727.0	47.04	-27.64	474.32
21735.0	41.22	-156.65	753.19
21743.0	-77.11	-411.27	978.7
21751.0	-96.51	-128.04	1096.56
21759.0	-153.26	-562.59	700.81
21767.0	-241.04	-192.05	926.81
21775.0	-249.28	-393.32	695.96
21782.0	-462.68	-336.1	806.53
21790.0	-500.02	-273.53	1017.02
21798.0	-534.46	-567.44	566.95
21806.0	-367.62	-530.58	740.09
21814.0	-306.03	-304.57	966.58
21822.0	-393.32	-477.23	232.31
21830.0	-212.91	-199.81	812.35
21838.0	-150.83	-424.36	621.75
21846.0	-48.5	-487.9	588.77
21853.0	9.21	-505.84	851.15
21861.0	-4.85	-383.14	844.36
21869.0	-22.31	-288.08	45.1
21878.0	65.96	32.98	1120.81
21885.0	26.19	-328.82	-11.15
21893.0	-57.23	-222.12	958.82
21901.0	74.69	-496.14	1264.36
21909.0	41.22	-866.19	614.96
21917.0	163.44	-728.94	859.88
21924.0	174.11	-600.41	1078.13
21932.0	586.83	-735.24	1131.96
21940.0	413.21	-357.92	1058.73
21948.0	559.19	-633.88	721.66
21956.0	1007.32	-714.39	986.46
21964.0	793.44	-782.28	725.06
21972.0	1017.02	-689.17	559.19
21980.0	1182.4	-743.49	898.68
21988.0	1168.82	-857.94	647.94
21995.0	1243.51	-778.4	890.44
22003.0	850.67	-528.64	828.84
22011.0	8.24	-402.54	968.52
22019.0	-343.37	-244.92	1136.81
22027.0	-645.03	-630.48	884.13
22035.0	-509.72	-1453.51	552.89
22043.0	-194.48	-927.78	2796.44
22051.0	-913.23	-1207.62	198.36
22058.0	-879.28	817.69	2653.37
22066.0	-495.66	887.53	1098.98
22074.0	-312.33	553.86	4598.16
22082.0	145.01	52.38	3109.25
22090.0	-6.3	-521.85	3631.58
22098.0	-519.42	153.26	1952.07
22106.0	-354.04	211.45	3165.03
22114.0	275.96	510.21	4718.93
22121.0	215.33	446.19	4833.87
22129.0	797.32	71.78	3316.34
22137.0	257.04	647.94	5056.48
22145.0	-189.63	1176.58	1157.66
22153.0	-711.96	917.11	-1637.8
22161.0	-866.19	297.78	796.83
22169.0	-495.17	-580.04	1866.23
22177.0	-293.9	-140.16	129.98
22186.0	-290.99	474.32	-1566.51
22192.0	-656.19	695.96	432.12
22200.0	-512.63	512.15	-450.55
22208.0	-208.54	406.42	261.41
22216.0	-174.6	395.26	1009.74
22224.0	-316.7	191.08	-442.79
22232.0	-434.55	377.32	-1902.61
22240.0	-400.6	255.1	10.18
22248.0	-340.95	323.97	2534.54
22256.0	-150.83	212.42	272.08
22263.0	-226.97	133.37	-364.71
22271.0	-349.68	44.62	1067.94
22279.0	-246.37	111.55	2007.85
22287.0	37.83	175.57	1559.72
22295.0	6.79	143.07	1380.76
22303.0	-174.6	113.49	1034.48
22311.0	-135.8	179.45	-116.4
22319.0	9.21	152.77	1354.57
22326.0	50.44	143.07	2283.32
22334.0	41.71	203.21	578.1
22342.0	94.57	432.61	-617.39
22350.0	63.53	130.95	717.3
22358.0	157.62	-57.71	1774.57
22367.0	347.25	52.38	505.36
22374.0	330.28	66.93	340.95
22382.0	186.72	-110.09	531.06
22390.0	303.12	35.89	586.83
22398.0	496.63	-48.98	1124.69
22405.0	515.06	-154.71	1633.44
22413.0	407.39	-223.58	793.44
22421.0	434.55	-185.75	-71.29
22429.0	485.96	-208.06	1307.53
22438.0	517.97	-286.63	1864.78
22445.0	565.01	-211.94	905.47
22453.0	483.05	309.42	-22.79
22461.0	842.42	1222.65	2853.67
22468.0	434.06	1273.09	-545.61
22476.0	440.37	3403.64	-864.73
22484.0	218.73	1850.71	253.16
22492.0	-14.55	-1805.61	1105.29
22500.0	127.55	-2526.3	18.91
22508.0	693.53	-1961.77	1112.56
22516.0	243.46	-845.82	3392.97
22524.0	137.25	-516.51	-192.05
22532.0	269.17	-769.19	-348.22
22540.0	228.43	-1817.25	2290.11
22547.0	241.04	-2280.9	2756.18
22555.0	240.55	-2150.92	-209.03
22563.0	347.25	-1191.61	-150.35
22571.0	32.01	-897.71	2471.01
22580.0	188.18	-1342.44	792.47
22587.0	161.5	-1831.31	648.91
22595.0	93.6	-1828.4	1398.22
22603.0	32.01	-1626.65	988.4
22611.0	177.51	-1804.64	559.19
22618.0	262.38	-1967.59	2388.08
22626.0	98.94	-1928.79	2465.68
22634.0	204.18	-1773.11	-23.28
22642.0	181.87	-1724.13	283.23
22650.0	239.58	-1553.9	1729.46
22658.0	452.01	-1315.77	122.7
22666.0	498.08	-1202.28	-641.64
22674.0	1.45	-773.07	944.27
22681.0	-366.17	-497.11	7107.97
22689.0	373.93	-1017.02	2960.85
22697.0	322.52	-103.3	4173.8
22705.0	-412.72	-264.32	-450.55
22713.0	-1518.01	101.36	1127.11
22721.0	-1356.02	-410.78	3681.54
22729.0	-1321.59	-504.87	1114.99
22737.0	-1124.69	-380.23	1601.91
22745.0	-78.57	-648.43	930.69
22753.0	359.38	-644.55	568.41
22760.0	672.68	-869.58	805.08
22768.0	676.07	-295.36	705.17
22776.0	709.05	-144.53	938.94
22784.0	346.28	-125.61	1308.98
22792.0	108.64	-63.05	1220.71
22800.0	98.45	-39.28	1293.46
22808.0	-114.46	-81.96	1078.61
22816.0	-194.48	71.29	1062.61
22824.0	-356.95	-63.05	1425.86
22831.0	-610.6	24.25	1187.25
22839.0	-557.25	-82.45	1001.01
22847.0	-437.46	-701.29	1097.53
22855.0	-713.9	91.18	1271.15
22863.0	-812.35	122.22	866.67
22871.0	-855.03	1.94	708.57
22879.0	-783.25	2.91	1061.15
22888.0	-988.4	140.16	986.95
22894.0	-762.4	-316.21	1354.57
22902.0	-762.4	344.83	1210.53
22910.0	-717.3	-442.79	745.91
22918.0	-535.43	28.61	1245.45
22926.0	-464.62	253.16	860.85
22934.0	-330.28	-43.65	1147.96
22942.0	-292.45	-128.04	980.64
22950.0	-187.21	104.76	1030.6
22958.0	-101.36	312.82	1201.31
22966.0	-11.15	-745.91	1418.1
22974.0	113.97	-1032.05	200.3
22981.0	199.81	-435.52	971.43
22989.0	191.57	-740.09	751.25
22997.0	296.81	-468.5	1162.03
23005.0	302.15	-386.05	903.53
23013.0	280.81	-412.24	911.78
23021.0	346.77	-46.56	957.85
23029.0	360.83	-189.63	899.65
23036.0	356.47	-235.7	1100.92
23045.0	223.58	-144.53	1015.56
23052.0	275.47	-71.78	953.48
23060.0	236.19	-307.97	765.31
23068.0	234.73	-341.92	1136.33
23076.0	215.33	73.72	959.3
23084.0	243.46	-422.91	744.94
23092.0	125.61	-452.49	1282.31
23100.0	151.8	-148.41	836.6
23108.0	89.24	-219.7	938.45
23115.0	82.45	-131.92	1166.39
23123.0	149.86	-476.74	1071.82
23131.0	171.2	-218.24	925.84
23139.0	278.87	-143.56	785.19
23147.0	275.47	-9.21	1083.95
23156.0	137.25	-513.6	379.75
23163.0	358.89	-249.28	413.69
23171.0	-21.82	-443.28	838.06
23179.0	-124.16	-28.13	482.56
23186.0	-202.24	84.39	1094.62
23194.0	-369.56	-165.38	860.37
23202.0	-178.96	-371.02	718.27
23210.0	-51.41	-262.38	1113.53
23218.0	103.3	-408.84	788.1
23226.0	239.1	-307.48	558.71
23234.0	292.45	-231.34	1001.01
23242.0	118.34	-327.37	1259.51
23250.0	119.79	-226.0	1164.94
23257.0	113.49	-139.68	823.51
23265.0	42.19	-270.14	1029.14
23273.0	79.05	-503.42	808.47
23281.0	93.12	-427.27	1126.63
23289.0	200.3	-461.71	917.6
23297.0	421.45	-432.61	856.0
23305.0	349.68	-162.96	1118.87
23314.0	395.26	-577.62	840.0
23320.0	292.45	-553.86	1031.08
23328.0	403.02	-462.19	929.72
23336.0	242.49	-526.21	1020.9
23344.0	226.49	-258.98	1214.89
23352.0	250.74	-427.27	1017.02
23360.0	102.33	-257.53	1023.32
23368.0	226.49	-670.25	530.58
23376.0	-16.49	-93.6	281.29
23383.0	5.82	-561.13	1224.11
23392.0	-8.24	-487.9	647.46
23399.0	-168.29	-330.76	759.98
23407.0	-157.62	-511.18	1098.98
23415.0	20.37	-381.68	680.92
23423.0	-16.0	-322.52	1159.6
23431.0	-9.7	-76.63	636.3
23439.0	162.47	-510.69	422.42
23447.0	-172.66	-307.0	1054.85
23454.0	-69.35	-440.85	838.54
23462.0	-105.73	-292.45	1001.5
23470.0	-39.77	-728.94	247.83
23478.0	-61.11	-581.01	1390.94
23486.0	-166.84	-649.88	433.58
23494.0	-155.68	-454.92	1287.16
23503.0	39.77	-90.21	220.67
23510.0	-52.38	-485.96	989.37
23518.0	-11.15	-508.27	380.72
23526.0	171.69	-629.03	1032.05
23533.0	381.68	-885.59	872.01
23541.0	206.6	-996.65	510.69
23549.0	506.81	-866.19	800.71
23557.0	830.3	-779.37	719.24
23565.0	961.24	-432.12	937.0
23573.0	1009.26	-603.32	1360.87
23581.0	1119.35	-1200.34	583.44
23588.0	1028.66	-921.48	752.22
23597.0	444.25	-569.86	466.56
23604.0	-101.85	-591.68	1273.09
23612.0	-431.64	-942.82	979.67
23620.0	-782.77	-479.17	908.87
23628.0	-919.05	-1101.89	1125.66
23636.0	-374.9	-1468.54	2310.48
23645.0	-817.2	-1092.19	112.03
23652.0	-1140.69	3.88	1444.29
23660.0	-1029.63	-105.73	1421.01
23667.0	-552.89	178.96	3215.47
23675.0	-528.15	1521.41	1025.75
23683.0	-643.09	478.68	1992.33
23691.0	-473.83	-1105.29	6686.52
23699.0	331.25	-2334.73	3936.64
23707.0	589.26	-797.8	1988.45
23715.0	475.29	4011.81	5077.33
23723.0	787.62	954.94	6506.59
23731.0	512.15	64.02	3114.1
23738.0	-208.06	-296.81	440.37
23746.0	-943.79	366.17	-358.89
23754.0	-996.16	567.44	-275.96
23762.0	-201.75	841.45	1407.43
23770.0	24.25	743.49	1310.92
23778.0	-219.7	529.12	-633.39
23786.0	-621.27	139.19	-2713.99
23794.0	-485.47	-42.68	-240.07
23802.0	-160.05	255.59	2135.4
23810.0	172.17	788.59	471.41
23817.0	-31.52	1364.75	-1370.57
23825.0	-297.78	427.27	-1318.2
23833.0	-253.65	2.91	766.28
23841.0	134.83	44.62	1457.39
23849.0	288.08	148.89	1220.71
23857.0	-20.85	256.56	-175.08
23865.0	-111.06	196.9	-960.76
23873.0	-15.52	-44.13	1387.55
23881.0	197.39	-193.02	2585.95
23888.0	159.08	-160.53	1100.44
23896.0	51.89	-40.74	-856.0
23904.0	-53.83	1.94	300.21
23913.0	70.32	-76.63	1990.87
23920.0	321.55	-188.66	1735.28
23928.0	250.25	-263.35	867.16
23936.0	140.65	-239.58	-75.17
23944.0	111.55	-206.6	505.84
23951.0	338.52	-254.62	1677.57
23959.0	364.71	-285.66	2074.29
23967.0	265.29	-270.62	399.14
23975.0	201.75	-228.91	-678.5
23983.0	253.65	-261.41	828.84
23991.0	401.08	-304.57	1963.71
24000.0	464.13	-311.85	1278.43
24007.0	383.62	-245.89	12.12
24014.0	242.01	-319.61	273.53
24022.0	327.37	-271.59	1085.89
24030.0	472.86	-343.86	1551.47
24038.0	432.61	-403.51	1267.27
24046.0	255.1	-387.02	254.13
24054.0	227.94	-338.52	187.21
24062.0	336.58	-406.42	1243.02
24070.0	388.96	-520.39	1831.8
24079.0	332.7	-595.56	777.43
24085.0	200.78	-648.43	95.54
24093.0	157.62	-671.71	856.0
24101.0	252.19	-727.97	1592.7
24109.0	298.27	-803.62	1539.35
24117.0	198.84	-873.46	939.42
24125.0	86.81	-912.26	662.49
24133.0	130.95	-768.7	885.59
24141.0	261.89	-896.74	1538.86
24149.0	269.65	-1012.17	1588.82
24157.0	222.12	-958.33	767.25
24164.0	186.72	-977.73	496.14
24172.0	243.95	-1061.15	1182.88
24181.0	325.91	-1179.0	1655.75
24188.0	321.55	-1222.17	1163.48
24196.0	260.92	-1214.89	631.45
24204.0	208.06	-1250.78	608.17
24212.0	290.99	-1299.28	939.91
24220.0	397.2	-1379.79	1165.91
24228.0	425.82	-1325.47	829.33
24235.0	456.86	-1296.37	242.01
24243.0	506.81	-1206.65	492.26
24251.0	621.75	-1132.93	919.05
24259.0	720.21	-1141.18	1093.16
24267.0	661.52	-1111.59	725.06
24275.0	723.12	-1029.14	-80.51
24283.0	752.22	-921.48	626.6
24291.0	892.86	-928.75	830.3
24299.0	837.09	-823.51	1363.78
24306.0	670.25	-593.62	185.75
24314.0	714.39	-572.28	-298.27
24323.0	454.92	-598.47	834.66
24330.0	590.23	-611.08	776.95
24338.0	339.49	-517.97	1589.3
24346.0	333.19	-1231.87	4953.66
24354.0	708.08	-1915.7	4862.0
24362.0	679.95	-1100.44	1160.57
24369.0	224.06	-339.01	1052.91
24377.0	-1413.25	152.77	-1187.25
24385.0	-1298.31	-994.22	1851.2
24393.0	-526.21	-1046.6	3139.81
24401.0	-1538.86	-716.33	989.37
24409.0	-1254.18	-1049.03	1192.1
24417.0	-761.43	-739.12	1576.69
24425.0	-448.61	-668.31	633.88
24432.0	173.14	-822.54	851.15
24440.0	214.85	-615.93	1053.88
24448.0	266.74	40.25	1157.66
24456.0	226.97	-53.83	1028.17
24464.0	90.21	38.31	1345.84
24472.0	-177.51	71.78	999.07
24480.0	243.46	-168.29	927.3
24489.0	348.71	-18.91	1390.94
24496.0	-80.02	-11.64	1001.98
24504.0	-32.98	7.27	1102.38
24512.0	-131.92	13.09	1330.32
24519.0	-180.9	-74.2	758.52
24527.0	-146.47	335.13	762.4
24535.0	-357.92	76.14	732.33
24543.0	-275.96	62.56	834.18
24551.0	-431.15	174.11	987.43
24559.0	-635.82	-395.75	262.38
24567.0	-555.31	-425.33	1142.15
24574.0	-450.07	-265.29	1159.6
24582.0	-666.37	-176.05	1399.19
24590.0	-877.34	-189.15	1008.29
24598.0	-803.62	-102.82	1209.56
24606.0	-741.06	-272.56	598.96
24614.0	-782.77	-299.72	959.3
24622.0	-664.43	-359.38	1763.9
24630.0	-525.73	-255.59	424.85
24638.0	-472.86	-269.65	502.45
24645.0	-448.61	103.79	999.07
24653.0	-368.59	-517.48	732.82
24661.0	-287.11	-323.49	891.89
24669.0	-228.91	-253.65	787.13
24677.0	-278.87	-231.34	1129.05
24686.0	-31.52	-533.0	980.16
24693.0	-15.03	-48.98	1154.27
24701.0	-28.61	-192.54	858.43
24709.0	-62.08	-133.86	1043.21
24717.0	65.96	-81.96	1370.57
24725.0	-20.85	-367.62	1378.82
24732.0	111.55	-158.59	1166.88
24740.0	-41.22	-690.62	1440.41
24748.0	179.93	-504.87	791.5
24756.0	234.73	-120.76	1080.07
24764.0	214.85	-114.46	762.4
24772.0	339.98	-204.18	917.6
24780.0	271.59	-424.36	1033.51
24788.0	207.57	-341.92	713.9
24795.0	217.76	-288.08	1214.41
24803.0	265.77	-195.45	1009.74
24811.0	296.81	-266.74	762.4
24819.0	285.66	-326.88	801.68
24827.0	336.58	-319.61	768.22
24835.0	251.71	-358.89	952.03
24843.0	177.02	-210.0	597.02
24851.0	164.9	-269.65	989.37
24858.0	182.84	-405.45	775.49
24866.0	256.07	-161.02	1355.54
24874.0	213.39	-310.88	897.23
24882.0	209.03	-556.28	866.19
24890.0	316.7	-619.33	917.11
24898.0	368.11	-414.66	1260.97
24906.0	435.03	-520.88	871.52
24914.0	391.87	-214.36	638.73
24921.0	389.93	-177.99	1004.89
24929.0	378.29	-348.71	1106.26
24937.0	207.09	-139.19	630.97
24945.0	176.54	-423.39	1035.93
24953.0	169.26	-262.86	953.0
24962.0	228.91	-196.42	1161.06
24969.0	175.08	-357.44	1011.68
24977.0	233.28	-275.96	1129.05
24985.0	317.67	-422.91	689.17
24992.0	299.72	-330.28	1060.18
25000.0	66.93	-669.77	979.19
25009.0	-120.28	-167.32	947.67
25016.0	-45.59	-286.63	1015.08
25024.0	-49.47	-479.65	1353.6
25032.0	-94.57	-338.04	435.03
25040.0	-12.12	-443.76	117.37
25048.0	-212.91	-489.84	786.65
25056.0	-59.65	-489.35	1068.91
25063.0	-151.8	-502.45	1079.1
25071.0	-151.8	-109.61	636.79
25079.0	-104.27	-641.15	78.57
25087.0	-139.19	-733.3	1068.91
25095.0	-145.5	-319.12	402.05
25103.0	-26.67	-466.07	868.61
25111.0	-83.42	-620.78	1054.85
25119.0	-109.12	-96.51	543.19
25127.0	-206.12	-509.24	224.06
25135.0	127.07	-546.58	1049.03
25142.0	11.64	-278.38	1237.2
25150.0	371.02	-805.08	1278.91
25159.0	-34.92	-707.11	499.05
25166.0	317.67	-331.25	342.89
25174.0	260.44	-1313.83	1041.27
25182.0	145.01	-537.37	572.28
25190.0	580.53	-996.16	1262.42
25198.0	565.98	-581.5	422.91
25206.0	931.18	-836.12	231.34
25213.0	951.06	-352.1	669.77
25221.0	1027.2	-581.5	1076.67
25229.0	871.04	-427.27	859.88
25237.0	379.75	-1188.22	302.63
25245.0	-123.19	-869.1	1201.31
25253.0	-486.44	-1130.99	759.49
25261.0	-692.08	-640.67	704.69
25269.0	-646.0	-1325.47	1125.66
25277.0	-411.75	-1054.85	441.82
25284.0	-864.73	-708.08	982.58
25292.0	-862.31	214.36	1891.45
25300.0	-956.88	203.69	1850.23
25308.0	-533.97	134.34	2916.23
25316.0	-434.06	-504.87	2930.29
25324.0	-504.39	-916.14	3263.96
25332.0	-335.13	4.36	5349.41
25340.0	297.3	-707.11	5449.8
25348.0	758.52	1330.81	3909.48
25356.0	855.52	2579.65	6558.48
25363.0	805.08	742.52	5049.69
25371.0	434.55	1193.07	3166.48
25379.0	-225.52	366.65	1929.76
25387.0	-901.59	-52.38	-1088.31
25395.0	-922.93	136.77	-604.29
25403.0	-361.32	508.27	1234.29
25411.0	-170.23	891.89	1875.93
25418.0	-263.35	859.4	-1266.3
25426.0	-536.88	233.28	-1966.14
25434.0	-555.31	-202.72	478.2
25442.0	-131.43	-139.19	919.05
25450.0	114.94	422.42	680.92
25458.0	-10.67	818.17	-630.48
25466.0	-238.61	655.22	-612.05
25474.0	-93.12	-11.15	-237.64
25482.0	140.16	-511.66	1592.21
25490.0	137.74	-263.83	1675.63
25497.0	31.52	56.74	-731.85
25505.0	-136.77	190.12	-571.8
25513.0	-85.36	9.7	1142.63
25522.0	72.75	-186.72	2035.49
25529.0	174.11	-245.4	471.41
25537.0	18.43	-232.31	-91.18
25545.0	-62.56	-144.53	446.19
25552.0	146.47	-157.14	1147.96
25561.0	307.97	-295.36	1998.15
25568.0	276.44	-384.59	1251.75
25576.0	152.29	-354.04	126.1
25585.0	177.02	-328.34	122.22
25592.0	274.02	-426.79	1872.05
25600.0	292.45	-402.05	1978.75
25608.0	287.6	-306.51	242.01
25616.0	186.24	-288.08	-63.53
25624.0	226.49	-270.14	795.38
25631.0	382.17	-271.59	1563.11
25639.0	489.84	-262.86	1156.69
25647.0	400.11	-221.15	603.81
25655.0	323.97	-160.05	235.7
25663.0	445.7	-165.38	745.91
25671.0	534.46	-228.43	1809.97
25680.0	511.18	-273.53	1363.3
25687.0	386.53	-253.65	293.9
25694.0	180.42	844.36	-1799.79
25702.0	339.49	-2420.57	2393.41
25710.0	225.52	-1070.37	2506.41
25718.0	249.77	-733.79	905.96
25726.0	217.27	1399.19	-1410.83
25734.0	7.27	597.5	-129.49
25742.0	353.56	-549.01	1590.27
25750.0	362.29	-1309.47	3074.82
25758.0	307.97	-1410.83	690.62
25766.0	48.01	-1024.29	-718.75
25774.0	71.78	-472.86	580.53
25781.0	305.06	-444.25	2783.34
25789.0	368.59	-1091.22	2345.4
25797.0	393.81	-1498.61	-206.12
25805.0	135.31	-1485.52	209.03
25813.0	299.24	-1292.98	1113.05
25821.0	455.4	-1186.28	2161.1
25829.0	578.1	-1291.04	1508.8
25837.0	335.13	-1436.53	533.97
25844.0	237.16	-1445.26	-17.94
25852.0	344.83	-1483.58	897.71
25861.0	449.58	-1499.58	2451.13
25868.0	482.08	-1442.35	1400.16
25876.0	376.84	-1360.39	145.01
25884.0	416.12	-1311.89	390.41
25892.0	485.96	-1269.21	1915.21
25900.0	616.42	-1231.87	1960.32
25908.0	566.95	-1113.05	712.45
25916.0	390.9	-940.88	222.61
25923.0	363.26	-860.37	429.7
25931.0	467.53	-856.49	1454.48
25939.0	484.02	-812.35	1605.31
25947.0	499.05	-817.2	-815.75
25955.0	568.41	-1041.27	-72.75
25963.0	-444.73	-887.53	1012.65
25972.0	-488.87	-139.68	-5846.52
25978.0	-1249.81	-1644.11	4653.94
25986.0	763.37	-707.11	2625.72
25994.0	-569.38	-404.48	3075.3
26002.0	-1542.74	-892.38	543.19
26010.0	-1192.58	-1047.09	1794.94
26018.0	-1146.02	-816.23	2923.99
26026.0	-1207.62	-1219.74	1498.61
26034.0	-908.38	-792.47	1518.5
26042.0	-64.99	-532.03	1178.03
26050.0	566.95	-229.4	794.41
26057.0	1003.44	-215.82	447.16
26065.0	384.59	-154.23	2324.06
26074.0	-323.0	209.03	1447.2
26081.0	361.32	-377.32	1276.49
26089.0	562.1	26.19	774.52
26097.0	435.52	-180.9	788.59
26105.0	302.63	69.35	1118.87
26112.0	67.41	86.33	1338.56
26121.0	-78.08	244.92	889.95
26128.0	-189.63	-98.45	837.09
26136.0	-240.55	72.26	1068.91
26144.0	-383.14	-30.55	1295.89
26152.0	-433.58	403.51	1673.21
26160.0	-335.61	-547.55	1074.73
26168.0	-423.88	432.61	1061.64
26176.0	-468.01	-151.32	918.57
26184.0	-504.39	11.64	1071.34
26191.0	-576.16	-496.63	626.12
26199.0	-319.61	-72.75	357.44
26207.0	-372.47	-13.09	957.36
26215.0	-416.6	-269.17	912.26
26224.0	-450.07	-295.84	1479.21
26231.0	-444.73	-34.92	762.4
26239.0	-375.87	-306.03	1198.89
26247.0	-460.74	200.78	823.51
26255.0	-394.78	-118.34	988.89
26263.0	-363.26	-150.83	1177.55
26270.0	-337.55	-132.4	783.25
26278.0	-306.03	-145.01	955.42
26286.0	-247.34	-403.02	1063.09
26294.0	-245.89	-353.56	768.7
26302.0	-136.77	-516.03	1359.9
26310.0	-162.47	-241.52	1004.89
26318.0	-18.43	-267.23	589.26
26326.0	-110.09	-300.21	983.55
26333.0	-39.77	-332.22	787.62
26342.0	-62.08	-368.59	870.55
26349.0	86.33	-337.07	1290.07
26357.0	-53.35	-65.47	950.58
26365.0	-73.72	-254.13	868.61
26373.0	110.09	-144.53	539.79
26381.0	67.9	-195.45	679.95
26389.0	-20.85	-138.22	920.02
26397.0	-79.54	-149.38	1647.5
26404.0	-94.09	-481.59	931.18
26413.0	-78.57	-379.26	835.15
26420.0	-132.89	-220.18	966.09
26428.0	-152.29	-311.36	1063.09
26436.0	-63.05	-284.2	968.03
26444.0	-64.02	-360.83	757.55
26453.0	13.09	-264.8	906.93
26460.0	130.46	-391.87	884.62
26468.0	27.64	-294.87	945.73
26475.0	43.16	-147.92	827.39
26484.0	25.22	-364.23	972.4
26491.0	181.87	-518.45	446.19
26499.0	104.27	-559.19	1071.34
26507.0	80.99	-244.43	985.98
26515.0	74.2	-363.74	1139.72
26523.0	281.78	-124.16	1006.83
26531.0	246.86	116.88	635.82
26539.0	340.46	-240.55	838.54
26546.0	396.23	-438.43	988.89
26554.0	213.88	-226.97	1634.41
26562.0	95.54	-763.85	1189.19
26570.0	-26.67	-359.38	1225.08
26578.0	-91.66	-324.94	911.29
26586.0	23.28	-400.11	957.85
26594.0	4.85	-391.38	845.82
26602.0	72.75	-460.25	781.31
26609.0	-85.36	-168.78	764.82
26617.0	208.06	-308.45	414.66
26625.0	180.9	-549.49	278.87
26633.0	73.23	-97.0	671.22
26641.0	-1.45	-330.28	1183.37
26649.0	-85.84	-713.42	290.99
26658.0	-242.01	-197.39	686.26
26665.0	-232.31	-298.75	872.01
26672.0	-150.83	-576.65	1156.21
26680.0	-169.75	-215.82	536.4
26688.0	26.19	-433.58	860.37
26696.0	12.61	-429.21	417.57
26704.0	122.22	-344.83	626.6
26712.0	268.2	-642.61	1046.6
26720.0	489.35	-233.28	338.04
26728.0	622.24	-576.16	1293.95
26736.0	664.43	-560.16	976.28
26744.0	735.73	-673.65	626.12
26752.0	688.2	-722.15	65.96
26760.0	509.24	-625.63	1606.76
26767.0	-323.0	-472.86	1609.19
26775.0	-1098.01	-555.31	360.83
26783.0	-201.27	-1048.06	1780.87
26791.0	402.05	-506.33	823.02
26799.0	259.47	-196.9	1218.29
26807.0	149.38	-524.76	303.12
26815.0	0.0	-1249.33	1399.19
26823.0	-27.64	-487.9	964.15
26831.0	337.07	-867.64	630.97
26838.0	249.28	-439.4	652.31
26846.0	422.42	-791.5	731.85
26854.0	385.56	-969.49	567.44
26862.0	437.94	-403.99	975.31
26870.0	311.36	-656.19	892.86
26878.0	90.21	-765.79	1109.65
26886.0	-146.95	-636.79	743.97
26893.0	-239.58	-711.48	660.07
26901.0	-417.09	-756.58	884.13
26909.0	-336.58	-1063.09	971.91
26917.0	-180.42	-1343.41	2315.33
26925.0	-660.07	-780.34	1017.99
26933.0	-932.63	-265.29	1260.0
26941.0	-494.2	207.09	1344.87
26949.0	-625.63	-247.34	1054.36
26957.0	-513.6	-892.86	973.37
26964.0	-553.86	-388.96	1599.0
26972.0	-95.06	-1136.33	2804.2
26980.0	627.09	-1338.56	4264.49
26988.0	1112.08	10.18	3855.16
26996.0	1796.39	1211.5	4197.08
27004.0	1649.44	1581.06	4994.88
27012.0	1745.47	477.23	5004.1
27020.0	1281.34	355.5	3927.91
27028.0	526.7	-113.49	1303.16
27035.0	-210.48	73.23	-664.43
27043.0	-647.94	345.31	-77.6
27051.0	-130.95	579.56	1043.21
27059.0	17.46	394.78	1112.08
27067.0	-30.07	197.87	-526.21
27075.0	-478.68	-139.68	-936.51
27083.0	-408.84	-189.15	-99.91
27091.0	-126.58	-77.6	1328.38
27099.0	201.27	197.87	1513.65
27107.0	92.15	346.28	193.02
27114.0	-181.39	198.36	-756.58
27122.0	-175.57	-194.48	30.07
27130.0	4.85	-21.82	1655.26
27138.0	178.48	-464.62	676.56
27146.0	-89.24	226.49	-717.78
27154.0	-303.12	7.27	-1324.5
27163.0	-319.12	126.1	-7.27
27170.0	-138.22	-311.36	1092.19
27178.0	-59.17	-236.19	1023.32
27185.0	-51.89	-328.34	665.4
27193.0	-13.58	-132.4	807.5
27201.0	126.1	-217.27	2031.13
27209.0	290.02	-307.48	2293.99
27217.0	230.37	-281.29	2068.96
27225.0	-17.94	-146.95	-16.0
27233.0	-9.21	-203.69	151.8
27241.0	26.19	-103.3	1777.96
27249.0	196.9	-107.67	1896.79
27256.0	123.67	-49.47	828.84
27264.0	115.43	9.21	-105.24
27272.0	20.85	31.04	870.55
27280.0	211.94	71.29	1175.12
27288.0	312.33	116.88	1223.62
27296.0	239.58	64.02	827.87
27304.0	163.44	-13.58	16.0
27311.0	185.27	41.71	381.2
27319.0	322.03	-22.79	1274.55
27327.0	283.23	-135.8	1503.95
27335.0	83.9	-1887.09	1111.59
27343.0	234.25	-190.12	-2295.44
27351.0	386.53	-753.67	501.48
27359.0	269.65	-519.42	3364.36
27367.0	51.89	-127.55	-2252.28
27376.0	-244.43	175.57	-389.44
27382.0	281.29	-534.46	493.72
27390.0	332.7	-711.96	3046.69
27398.0	237.64	-770.64	2389.53
27406.0	37.34	-615.93	-1637.8
27414.0	72.75	-407.87	1127.11
27422.0	142.59	-313.3	2488.47
27430.0	317.67	-694.99	2808.08
27438.0	133.86	-983.07	421.94
27446.0	-21.82	-1083.46	-43.65
27453.0	-11.15	-887.04	1325.96
27461.0	372.96	-790.04	1419.56
27469.0	351.13	-954.94	2415.24
27477.0	188.66	-992.77	-1.94
27485.0	126.58	-1101.41	-287.11
27493.0	199.33	-1232.35	902.56
27501.0	370.53	-1344.87	2486.04
27509.0	350.16	-1891.94	2662.58
27517.0	519.42	-1787.18	2158.68
27524.0	419.51	-1482.61	1714.43
27532.0	281.29	-1659.14	918.57
27540.0	313.79	-1199.37	-924.87
27548.0	449.1	-1281.34	581.98
27556.0	406.42	-1285.22	2048.59
27564.0	703.23	-1337.59	798.77
27573.0	519.42	-1301.71	714.39
27580.0	521.36	-1275.03	327.37
27588.0	409.81	-1199.86	822.54
27595.0	283.23	-1601.91	1989.42
27603.0	705.66	-1436.05	-1864.78
27611.0	113.49	-1623.25	4850.84
27619.0	137.74	-716.81	-3191.7
27627.0	-45.59	-647.94	-878.8
27635.0	247.83	-782.28	1419.56
27643.0	842.42	-1046.6	5602.09
27651.0	615.45	-1134.39	2640.27
27658.0	665.89	-1418.1	-1012.17
27667.0	985.01	65.47	-1857.99
27674.0	-819.14	-327.37	2162.07
27682.0	302.63	100.39	-3018.56
27690.0	151.8	-1095.59	1237.69
27698.0	-1.45	-187.21	1553.9
27706.0	-313.3	-408.36	1736.25
27714.0	-733.79	-817.69	1763.41
27722.0	-1038.84	-952.52	2148.98
27730.0	-1388.03	-982.1	1892.91
27737.0	-1027.69	-1031.08	1377.85
27745.0	-781.8	-602.84	1081.04
27753.0	-354.04	-345.8	915.66
27761.0	152.77	-69.84	670.74
27769.0	183.33	39.28	1235.75
27777.0	205.63	-84.87	319.12
27785.0	-180.9	-186.24	1158.63
27793.0	-66.44	-110.58	865.22
27800.0	266.26	-337.07	1102.86
27808.0	111.55	-354.53	907.41
27816.0	87.78	6.79	1410.34
27824.0	-66.93	-10.67	1334.2
27832.0	1.94	-527.18	1292.98
27840.0	-117.37	19.88	958.82
27848.0	-355.5	-287.6	475.29
27857.0	-302.15	-216.79	687.71
27864.0	-479.65	87.3	1249.81
27871.0	-498.08	165.87	1008.29
27879.0	-529.12	232.31	1135.84
27887.0	-615.45	92.15	1377.36
27895.0	-458.31	-251.22	738.64
27903.0	-668.8	-231.34	1373.48
27911.0	-521.85	78.57	1011.68
27919.0	-624.66	231.34	1506.86
27927.0	-559.19	18.43	2106.3
27934.0	-672.19	-318.15	1044.66
27942.0	-528.15	-102.33	465.59
27950.0	-530.09	-323.0	1598.03
27958.0	-479.65	86.33	772.58
27966.0	-404.48	-263.83	568.89
27974.0	-396.23	-321.06	821.57
27983.0	-258.98	-206.12	584.89
27990.0	-214.85	-326.4	487.9
27998.0	-193.02	-580.04	838.54
28006.0	-169.75	-335.61	1149.42
28014.0	-86.33	-393.81	1343.9
28021.0	14.06	-388.47	642.61
28029.0	82.45	-69.84	1279.88
28037.0	18.91	-230.85	786.16
28045.0	141.62	-365.68	1098.98
28053.0	115.91	120.76	814.78
28061.0	132.89	-220.67	877.34
28069.0	156.65	-274.5	895.29
28077.0	141.62	-246.37	1114.5
28085.0	140.16	-192.54	934.09
28092.0	177.02	-246.86	899.17
28100.0	180.42	-397.2	1071.34
28109.0	189.63	-259.47	1046.6
28116.0	296.81	-391.87	1214.41
28124.0	444.25	-252.19	808.47
28132.0	427.27	-175.57	742.52
28140.0	289.54	-298.27	861.34
28148.0	38.31	-409.33	1012.65
28156.0	38.8	-140.16	529.61
28164.0	-24.73	-427.76	691.11
28171.0	42.19	-368.59	1034.96
28179.0	113.49	-336.58	761.92
28187.0	159.56	-465.1	953.0
28195.0	309.91	-473.35	1003.44
28203.0	316.7	-323.49	760.46
28211.0	439.88	-233.28	674.13
28219.0	327.37	-407.87	923.42
28226.0	490.32	-346.77	568.89
28235.0	365.2	-635.82	933.6
28242.0	392.35	-127.07	787.13
28250.0	196.42	-182.36	1420.53
28258.0	328.82	-132.89	536.4
28266.0	439.4	-522.82	1086.37
28274.0	406.9	-258.01	754.16
28282.0	388.47	-203.69	1123.72
28290.0	305.06	-599.44	993.74
28297.0	99.91	-186.72	800.23
28305.0	49.95	-579.56	1199.86
28313.0	91.66	-459.77	616.9
28321.0	140.65	-379.26	958.33
28329.0	221.64	-323.97	915.66
28337.0	273.53	-475.29	630.0
28345.0	248.31	-504.39	985.49
28353.0	259.47	-486.93	895.77
28361.0	189.15	-223.58	720.21
28369.0	112.03	-453.95	967.06
28376.0	-249.77	-405.45	251.71
28384.0	-147.92	-342.4	1445.26
28392.0	75.17	-1049.51	-204.66
28400.0	240.55	-800.71	634.36
28408.0	265.29	-962.7	680.92
28416.0	8.24	-272.08	1130.51
28424.0	173.63	-558.22	444.73
28432.0	2.42	-386.05	2033.55
28439.0	274.5	-614.48	998.1
28447.0	61.59	-811.87	359.86
28456.0	127.55	-484.02	203.21
28463.0	141.13	-757.55	922.45
28471.0	178.96	-600.41	692.08
28479.0	548.52	-559.19	222.12
28487.0	323.97	-434.06	318.64
28495.0	304.57	-1114.5	1391.91
28502.0	491.78	-608.66	1060.67
28511.0	612.54	-114.46	768.7
28518.0	652.31	-482.08	776.46
28527.0	805.56	-902.08	181.87
28534.0	1119.35	-360.83	813.32
28542.0	1090.25	-579.07	408.36
28550.0	1395.31	-762.89	594.59
28558.0	1040.78	-932.15	1529.65
28566.0	725.54	-286.63	1534.01
28574.0	231.34	-921.96	634.36
28581.0	-245.4	-659.58	1032.05
28589.0	-592.17	-971.43	671.71
28597.0	-574.22	-1086.86	-212.91
28605.0	-1476.3	-866.19	332.22
28613.0	-897.71	-76.14	2450.16
28621.0	-1062.12	-188.66	3147.08
28629.0	-731.36	-366.17	4996.82
28637.0	-483.05	-119.31	3441.95
28644.0	-621.27	-2047.13	5470.17
28653.0	-994.71	1627.13	8220.05
28660.0	-321.06	979.19	3979.81
28668.0	102.82	2400.69	3551.08
28676.0	240.07	-388.47	8352.45
28684.0	-204.18	353.56	3537.5
28692.0	-756.1	990.83	-3648.07
28700.0	-1416.16	1763.9	-1765.84
28708.0	-1303.16	1192.58	1617.92
28715.0	-125.13	-279.84	1047.09
28724.0	253.16	-877.83	788.1
28731.0	-200.78	-443.28	176.05
28739.0	-661.04	290.02	-2168.86
28747.0	-202.72	485.47	-213.88
28755.0	80.02	330.76	5122.44
28763.0	325.43	-121.73	2164.98
28771.0	-29.58	210.48	-2604.87
28779.0	-349.19	-98.45	-920.99
28786.0	-359.38	-161.5	2993.34
28795.0	-4.85	132.89	1768.75
28802.0	144.53	312.82	-1016.53
28810.0	-494.2	-66.93	-420.0
28818.0	-515.54	-191.08	-1286.67
28826.0	-106.7	-309.42	764.34
28835.0	211.45	-386.53	3204.8
28842.0	162.96	-119.31	1696.49
28850.0	120.28	-42.19	-1588.82
28857.0	187.21	-528.15	118.34
28865.0	250.74	-714.87	3979.81
28874.0	532.03	-593.62	1988.45
28881.0	436.49	-350.16	-644.06
28889.0	162.96	-335.61	-340.46
28897.0	865.7	-2367.22	3991.45
28905.0	584.41	-7115.73	-2073.81
28913.0	934.09	-3921.61	-2694.1
28921.0	981.61	12.12	4261.1
28928.0	282.75	1547.59	1847.32
28936.0	189.15	-151.8	-1808.52
28944.0	174.6	747.85	22.31
28952.0	-62.56	713.42	845.82
28960.0	-15.03	1232.84	841.45
28968.0	-8.73	155.2	-485.96
28977.0	-42.68	-337.55	1245.45
28984.0	-160.53	-252.19	1015.08
28992.0	216.79	-1527.22	175.08
29000.0	14.06	-1462.24	1325.47
29007.0	192.54	-1160.57	780.83
29015.0	116.88	-919.05	1338.08
29023.0	247.34	-676.07	550.95
29031.0	250.74	-1234.78	1682.91
29039.0	108.64	-1631.5	977.25
29047.0	183.33	-1365.24	430.67
29055.0	147.92	-1253.21	1109.65
29062.0	234.73	-1333.23	929.24
29070.0	255.59	-1488.43	1431.68
29078.0	391.87	-1690.67	805.56
29086.0	337.55	-1759.53	1559.72
29094.0	396.23	-1722.19	1037.39
29102.0	440.37	-1655.75	1243.99
29110.0	397.2	-1599.97	1623.74
29118.0	394.78	-1612.58	858.43
29126.0	343.86	-1622.28	781.31
29133.0	406.42	-1579.12	528.15
29142.0	351.62	-1574.27	1024.29
29149.0	301.18	-1430.23	474.32
29157.0	301.18	-1350.2	412.24
29165.0	287.11	-1367.18	831.27
29173.0	321.06	-1337.59	846.79
29181.0	344.83	-1131.48	1240.11
29189.0	290.02	-990.83	1776.02
29197.0	341.92	-678.5	1769.23
29205.0	206.6	-930.69	699.35
29212.0	347.74	-633.39	658.61
29220.0	186.24	-763.37	780.34
29228.0	283.23	-640.67	551.43
29236.0	210.48	-781.31	1322.08
29245.0	724.57	-1619.86	-483.53
29252.0	1235.75	-1328.38	-1974.87
29260.0	-249.28	-1041.75	1518.5
29268.0	-516.03	1228.47	3495.3
29276.0	-46.07	1385.61	1851.2
29283.0	571.8	-1006.35	1155.72
29291.0	-674.62	-2482.65	2428.82
29299.0	-2820.69	-397.69	1598.52
29307.0	-984.52	-923.9	3391.03
29315.0	-1017.5	199.33	464.62
29323.0	-184.78	-624.18	1083.46
29331.0	311.36	-389.44	832.72
29339.0	714.87	-417.09	965.12
29346.0	840.97	-303.12	1112.08
29354.0	630.0	124.16	891.41
29362.0	361.32	-398.66	1226.05
29370.0	296.81	-345.8	990.34
29379.0	399.63	-346.77	1016.05
29386.0	265.77	-207.09	549.01
29394.0	31.04	-174.6	1206.65
29402.0	36.86	85.84	413.21
29410.0	-271.11	-33.46	1056.79
29418.0	-80.51	-209.03	930.21
29425.0	-96.51	-139.68	1166.88
29433.0	-71.29	-17.94	1658.66
29441.0	-195.93	-57.23	1245.45
29449.0	-198.84	-23.76	828.36
29457.0	-122.7	-192.05	736.21
29465.0	-365.68	-66.44	1248.36
29473.0	-311.36	-260.92	1187.73
29481.0	-456.37	173.14	961.73
29488.0	-478.68	110.58	938.45
29496.0	-472.86	77.11	770.64
29504.0	-527.18	-225.52	937.0
29512.0	-508.27	-385.56	919.05
29520.0	-440.85	6.3	995.68
29528.0	-523.3	-483.53	2740.66
29536.0	-710.99	583.92	1308.5
29544.0	-394.78	-12.61	664.92
29552.0	-281.29	-596.53	795.38
29560.0	-388.96	-1285.22	797.32
29567.0	-371.5	-1132.93	1159.12
29576.0	-412.24	-269.65	1429.74
29583.0	-436.49	160.05	597.02
29591.0	-384.59	129.01	994.71
29599.0	-394.29	-61.59	669.77
29607.0	-354.53	-600.41	1152.33
29615.0	-434.55	108.64	894.32
29622.0	-327.85	18.91	599.44
29630.0	-262.38	-319.61	669.28
29638.0	-291.96	-465.59	1255.15
29646.0	-235.22	-233.76	1069.4
29654.0	-244.92	-352.1	832.72
29662.0	-251.71	-337.55	1130.51
29670.0	-239.1	-193.02	852.12
29678.0	-178.96	-237.64	738.64
29686.0	-139.19	-250.74	1001.01
29694.0	-137.74	-298.27	972.88
29702.0	-128.52	-331.25	1274.55
29709.0	-160.05	-164.41	865.22
29717.0	-74.2	-275.96	1218.77
29725.0	-16.97	-278.38	996.65
29733.0	71.78	-478.2	974.34
29741.0	143.56	-407.87	1021.87
29749.0	197.87	-187.21	762.89
29757.0	274.99	-465.1	1053.88
29765.0	304.57	115.43	1133.42
29772.0	311.36	-231.34	1204.71
29780.0	331.73	-291.96	1200.34
29788.0	487.41	-193.51	886.56
29796.0	559.68	-538.34	695.47
29804.0	728.45	-488.87	1153.78
29812.0	760.95	-293.9	888.01
29820.0	880.25	-182.84	760.95
29829.0	749.31	-220.18	1142.63
29836.0	540.76	-230.37	811.87
29843.0	610.11	-229.4	959.79
29852.0	559.19	-313.79	774.52
29859.0	632.91	-499.54	922.93
29867.0	609.63	-452.49	1002.95
29875.0	629.03	-195.45	927.78
29883.0	713.9	-210.0	943.79
29891.0	571.32	166.84	639.21
29899.0	539.31	-639.7	1273.09
29906.0	153.74	-130.95	783.74
29914.0	433.58	-339.98	405.45
29922.0	187.69	-413.69	647.46
29930.0	168.29	-441.82	730.39
29938.0	20.37	-592.65	753.67
29946.0	-161.02	-555.8	622.72
29954.0	46.07	-491.78	745.91
29962.0	143.56	-603.32	712.93
29970.0	20.85	-623.69	3.39
29978.0	-42.68	-262.86	1051.45
29985.0	-157.14	-486.93	816.23
29993.0	-137.25	-38.8	459.77
30002.0	-137.74	-259.95	1545.17
30009.0	-389.44	-359.38	763.85
30017.0	-282.26	-589.26	636.3
30025.0	-440.37	-178.96	620.78
30033.0	-552.89	-249.77	998.59
30040.0	-647.94	-709.05	1051.45
30048.0	-796.35	-455.4	932.15
30057.0	-207.09	-791.5	705.66
30064.0	-795.38	-40.74	1306.07
30072.0	-271.59	-895.29	1861.87
30081.0	41.22	142.1	1054.36
30088.0	332.22	-558.22	193.02
30096.0	406.9	-512.15	104.76
30104.0	366.65	-488.87	725.06
30112.0	391.87	-502.93	847.27
30119.0	637.27	-472.38	97.48
30127.0	924.87	-837.09	1157.66
30135.0	1187.25	-571.8	550.95
30143.0	1447.2	-684.32	937.0
30151.0	1564.08	-798.29	1720.25
30159.0	1505.4	-630.0	1358.45
30167.0	814.78	-526.21	695.47
30175.0	91.18	-522.82	1581.54
30183.0	-279.84	-856.0	225.03
30190.0	-566.47	-945.24	202.24
30198.0	-734.76	-1143.6	843.88
30207.0	-531.55	-1783.78	1502.01
30214.0	-779.86	258.5	1335.65
30222.0	-705.66	739.61	1327.9
30230.0	-951.06	-722.15	2439.49
30238.0	-322.03	-938.45	2897.31
30246.0	-12.12	-736.7	3909.0
30253.0	-372.96	-659.1	3830.91
30261.0	-763.85	-855.52	3665.05
30269.0	-156.65	1710.07	5280.54
30277.0	609.14	1058.73	5551.16
30285.0	1012.65	-549.98	7656.01
30293.0	558.22	338.52	3094.22
30301.0	-485.47	1178.03	-164.41
30309.0	-781.31	1556.32	-2075.26
30317.0	-679.95	5.82	1972.44
30325.0	0.48	-295.36	1809.0
30332.0	19.88	242.49	-661.52
30340.0	-345.31	468.5	-1405.01
30348.0	-652.31	448.61	-1240.11
30356.0	-334.16	239.58	1103.83
30364.0	26.19	885.59	1095.59
30372.0	-48.5	495.66	528.64
30380.0	-374.9	500.51	-2537.45
30388.0	-553.86	2.42	-1375.91
30395.0	-455.89	531.06	2196.99
30403.0	-1.45	145.5	2684.89
30411.0	-49.47	99.91	896.26
30419.0	-211.45	-175.57	-764.82
30427.0	-264.8	-2.91	2055.38
30435.0	-27.64	116.4	2645.61
30443.0	149.86	28.61	2216.39
30451.0	-46.56	-63.53	579.56
30459.0	-185.27	-59.65	-506.81
30466.0	-130.46	-16.49	931.18
30474.0	123.19	-36.37	2099.99
30482.0	161.5	-54.8	2077.2
30490.0	59.17	-107.67	-577.13
30498.0	26.67	-144.53	-474.32
30506.0	155.68	-261.41	1523.35
30514.0	376.35	-344.34	2079.63
30522.0	406.9	-223.58	911.29
30530.0	284.69	-239.1	-585.86
30537.0	193.02	-146.95	119.79
30546.0	387.99	-120.28	913.23
30553.0	496.14	-172.17	1694.55
30561.0	418.06	-220.18	710.99
30569.0	251.71	-201.75	-592.17
30577.0	227.46	-170.72	175.08
30585.0	362.29	-229.88	1576.69
30593.0	409.33	-393.32	1825.98
30601.0	315.73	-467.53	194.48
30609.0	259.47	207.57	836.6
30617.0	209.03	-454.92	497.6
30624.0	202.72	-622.24	2002.03
30632.0	194.48	-1280.85	1565.05
30640.0	-22.31	-683.35	-302.63
30648.0	-145.5	-584.41	228.43
30656.0	1.45	-619.81	436.0
30664.0	217.76	-662.49	1799.3
30672.0	16.97	-934.09	783.25
30679.0	119.79	-908.38	662.49
30687.0	23.28	-823.51	317.67
30695.0	280.32	-970.46	1894.85
30703.0	167.32	-954.94	2280.9
30711.0	245.89	-1003.44	485.96
30719.0	86.81	-1139.72	649.4
30727.0	126.1	-1112.56	878.8
30735.0	229.4	-1193.55	1864.78
30744.0	255.59	-1184.82	944.27
30750.0	253.16	-1176.58	726.51
30758.0	54.32	-1096.56	651.34
30766.0	263.83	-1204.22	435.52
30774.0	249.77	-1258.54	1434.11
30782.0	347.25	-1274.06	807.99
30790.0	241.52	-1279.4	547.55
30799.0	332.22	-1210.04	61.11
30806.0	411.75	-1245.93	1223.62
30814.0	476.74	-1237.2	1538.38
30821.0	568.41	-1248.36	803.14
30829.0	453.46	-1160.57	877.34
30837.0	500.02	-1115.96	765.31
30845.0	498.08	-1103.35	1453.51
30853.0	610.11	-1103.83	1171.73
30861.0	527.18	-1060.18	1133.9
30869.0	471.89	-987.43	592.65
30877.0	393.81	-696.93	841.94
30886.0	597.99	-1162.51	1806.58
30892.0	569.86	-918.08	1712.98
30900.0	565.5	-738.15	533.97
30908.0	667.34	-563.56	-230.85
30916.0	752.22	55.29	-662.98
30924.0	152.29	-478.2	5118.56
30932.0	812.84	-270.14	-3265.42
30940.0	206.6	-430.67	3741.68
30948.0	-267.23	-557.25	5302.37
30956.0	-1418.1	317.67	9.7
30963.0	-928.75	-528.64	1453.99
30971.0	-684.32	-209.03	2122.3
30979.0	-963.18	-409.33	275.96
30987.0	-202.24	-497.11	1193.55
30995.0	42.68	-508.75	669.77
31003.0	549.01	-668.31	1030.6
31011.0	650.85	-239.58	1014.11
31019.0	326.4	-501.96	847.76
31027.0	256.56	-145.01	950.09
31035.0	-133.86	-327.37	1096.56
31042.0	75.17	-31.04	1414.22
31050.0	296.33	1.94	1042.72
31058.0	417.57	-28.13	619.33
31066.0	204.66	-391.38	860.85
31074.0	-163.44	-96.03	1074.73
31082.0	-155.68	-50.44	858.43
31090.0	-183.33	-199.81	945.73
31098.0	-144.04	5.33	1164.94
31105.0	-400.6	-195.45	1407.92
31113.0	-578.59	-14.06	1792.51
31121.0	-449.1	19.4	1349.72
31129.0	-589.26	-430.67	857.94
31137.0	-523.79	-60.14	884.13
31145.0	-540.76	-138.22	796.35
31153.0	-694.5	-205.63	890.44
31161.0	-710.02	-620.3	82.93
31168.0	-640.67	-304.57	-37.83
31177.0	-524.76	-251.22	849.7
31184.0	-592.17	-275.47	890.92
31192.0	-548.52	228.43	723.12
31200.0	-451.04	17.46	616.9
31208.0	-344.83	-120.76	498.08
31216.0	-343.37	-437.46	630.48
31224.0	-334.16	-179.45	1476.3
31233.0	-454.43	55.29	529.61
31240.0	-301.18	-283.23	855.52
31247.0	-380.23	-251.22	966.09
31255.0	-254.62	-161.5	447.64
31263.0	-284.2	-127.55	1377.85
31271.0	-356.47	-228.91	734.76
31279.0	-189.15	-199.33	1275.52
31287.0	-169.26	-327.85	1173.67
31295.0	-76.63	-394.78	585.38
31303.0	-122.22	-124.16	969.97
31311.0	-198.84	-293.42	847.27
31318.0	-71.78	-143.56	883.16
31326.0	-37.34	-275.96	926.81
31334.0	-106.7	-131.92	954.94
31342.0	-88.27	-461.22	1143.11
31350.0	-110.58	-253.16	1232.84
31358.0	-153.26	-283.72	775.98
31366.0	-28.61	-396.23	1002.47
31374.0	12.61	-387.5	1018.47
31381.0	137.74	-269.17	1031.08
31389.0	119.79	-454.43	832.72
31397.0	150.83	-121.73	992.77
31405.0	234.25	-283.23	1173.18
31413.0	314.76	-230.37	1095.1
31421.0	204.66	-275.47	1163.97
31430.0	497.6	-328.34	-319.12
31437.0	611.08	-462.68	1074.25
31444.0	591.2	-262.86	292.45
31452.0	445.7	-160.53	1066.0
31460.0	566.47	-55.29	1179.49
31468.0	523.3	-375.38	1115.96
31476.0	658.61	-23.28	983.07
31484.0	597.5	-53.35	1150.87
31492.0	446.19	-451.04	921.96
31500.0	413.21	-552.89	970.46
31508.0	540.28	-259.95	898.68
31516.0	524.76	-334.16	796.35
31523.0	634.36	-247.83	929.24
31531.0	636.3	-329.79	902.08
31539.0	541.25	-339.49	855.03
31547.0	410.78	-379.75	680.92
31555.0	246.86	-370.05	1060.18
31563.0	134.34	-579.56	1286.19
31571.0	344.83	-676.07	992.28
31580.0	274.5	-390.9	620.78
31587.0	338.52	-1282.31	126.1
31594.0	92.63	-411.75	681.41
31602.0	95.06	-508.27	1109.17
31610.0	-127.07	-662.49	959.79
31618.0	68.87	-490.81	491.29
31626.0	-27.16	-445.7	632.91
31634.0	73.23	-371.5	504.39
31642.0	-16.0	-425.33	516.03
31650.0	21.82	-343.86	22.79
31657.0	-198.36	-584.41	1658.66
31665.0	-294.39	-590.71	810.41
31673.0	-629.03	-831.75	-41.22
31681.0	-492.75	-187.21	1236.72
31689.0	-630.97	-524.76	1565.54
31697.0	-664.92	-790.04	888.01
31705.0	-647.46	-565.5	1017.5
31713.0	-492.75	-837.57	681.41
31722.0	-414.18	-744.46	837.57
31728.0	-318.15	-449.1	1123.23
31736.0	-238.61	-738.15	1015.56
31744.0	-65.96	-966.09	1687.27
31752.0	3.39	-384.11	921.48
31760.0	361.32	-861.34	1098.01
31768.0	449.1	-784.71	907.41
31776.0	375.38	-678.5	4155.37
31784.0	1033.51	-601.38	365.68
31792.0	926.33	-366.17	1739.16
31800.0	934.09	-1095.1	957.36
31807.0	382.65	-845.82	949.61
31815.0	51.41	-426.3	1121.78
31823.0	125.13	-887.04	1177.55
31831.0	-241.04	-285.66	350.65
31839.0	-237.64	-1090.74	522.82
31847.0	-227.46	-918.08	1025.75
31855.0	-394.29	-1050.48	319.12
31864.0	-697.9	1210.53	1428.29
31870.0	-935.06	-172.17	1376.88
31878.0	-540.76	-890.44	3345.44
31886.0	10.67	322.03	3701.91
31894.0	-303.6	-897.23	2732.42
31902.0	309.91	-3038.45	8264.18
31910.0	1313.35	-126.58	8236.05
31918.0	1663.51	2304.17	3392.49
31926.0	898.68	910.81	6121.99
31934.0	519.42	1694.55	6140.42
31942.0	135.8	1098.01	2396.32
31949.0	-113.49	77.6	-1485.52
31957.0	-1030.11	-600.9	-703.23
31965.0	-566.47	-854.06	-273.05
31973.0	-45.1	447.64	-190.6
31981.0	215.33	1347.78	1180.46
31989.0	-159.08	1157.18	-994.71
31997.0	-417.57	251.22	-2154.8
32005.0	-302.15	-831.75	14.06
32012.0	10.18	-698.87	2866.27
32020.0	208.06	1003.44	671.71
32028.0	73.72	1228.47	-1753.23
32036.0	-313.3	572.77	-241.52
32045.0	-405.45	-27.64	985.01
32052.0	-4.36	-124.16	688.2
32060.0	-143.56	205.15	655.7
32068.0	-372.47	78.57	258.98
32076.0	-205.63	191.57	-65.47
32084.0	16.97	137.74	2200.39
32091.0	167.32	-87.78	3171.82
32099.0	94.57	-71.78	1492.31
32107.0	96.51	134.34	-492.75
32116.0	96.51	233.28	845.82
32123.0	224.06	60.62	2518.54
32131.0	306.51	-113.49	1587.85
32139.0	306.03	-87.78	13.09
32147.0	166.84	-206.6	-34.92
32154.0	228.43	-194.96	766.28
32162.0	439.88	-159.08	1507.83
32170.0	498.08	-195.45	1537.89
32178.0	383.62	-169.26	327.85
32187.0	339.49	-166.84	-540.76
32194.0	424.85	-171.2	788.1
32202.0	468.5	-166.84	2004.45
32210.0	486.44	-125.61	854.55
32218.0	338.04	-141.62	-375.87
32225.0	250.25	-150.83	271.59
32233.0	314.76	-216.3	1394.34
32241.0	453.46	-278.87	1361.84
32249.0	454.43	343.86	-1325.96
32257.0	340.46	-885.59	845.82
32265.0	257.53	-39.77	1016.05
32273.0	297.78	-551.43	1173.67
32281.0	216.79	-793.92	-21.34
32289.0	-202.72	-614.96	231.34
32297.0	189.63	-163.93	-15.03
32304.0	73.23	-532.52	2403.6
32313.0	104.27	-850.67	1602.88
32320.0	-24.73	-854.55	-497.6
32328.0	-0.48	-782.77	805.56
32336.0	1.94	-916.14	1830.34
32344.0	134.83	-1026.23	1846.35
32352.0	246.86	-1163.48	416.12
32359.0	26.19	-1222.17	1207.13
32368.0	72.75	-1267.76	1015.08
32375.0	214.85	-1303.65	990.83
32383.0	309.42	-1430.23	1944.31
32391.0	102.82	-1451.57	1231.38
32399.0	72.26	-1486.49	201.27
32408.0	105.73	-1445.26	35.89
32415.0	10.18	-1576.21	1696.97
32423.0	58.2	-1645.56	943.3
32430.0	167.81	-1624.22	158.11
32438.0	188.66	-1636.83	849.7
32446.0	307.48	-1543.23	1412.28
32454.0	484.02	-1509.28	1513.16
32462.0	503.42	-1413.74	1229.44
32475.0	455.89	-1292.01	1062.12
32480.0	433.09	-1193.55	401.08
32486.0	539.79	-1120.81	697.9
32495.0	501.48	-1055.82	1489.88
32501.0	454.92	-899.17	703.23
32510.0	376.35	-802.17	-243.46
32517.0	294.87	-694.99	-145.01
32525.0	288.08	-377.81	-223.58
32533.0	622.72	-618.36	-25.22
32541.0	-290.02	-1183.37	3084.03
32549.0	987.92	-295.84	-476.26
32557.0	865.7	-1329.35	4516.69
32565.0	74.2	-608.17	1319.17
32573.0	-727.48	-393.32	-871.52
32580.0	-667.34	-481.59	256.56
32588.0	-827.39	-362.29	898.68
32596.0	-1576.21	-929.24	2782.86
32604.0	-1998.63	-907.41	1634.89
32612.0	-906.93	-455.4	1378.33
32620.0	-89.24	-717.3	1009.74
32628.0	337.07	-328.82	858.43
32636.0	424.36	-223.58	590.71
32643.0	445.22	12.61	934.09
32652.0	194.96	62.56	1455.93
32659.0	297.3	4.36	892.86
32667.0	384.59	-135.31	1103.83
32675.0	390.9	-503.9	-216.3
32683.0	158.11	-217.76	1312.38
32691.0	53.83	435.52	1242.54
32699.0	-0.97	-100.39	1094.13
32707.0	94.57	-451.04	596.05
32715.0	-89.24	-361.32	809.44
32723.0	-252.68	-53.35	879.77
32730.0	-245.89	-243.95	841.94
32738.0	-224.55	-217.27	204.66
32746.0	-403.51	-186.72	1060.18
32754.0	-281.29	-80.02	821.08
32762.0	-518.45	-237.64	663.46
32770.0	-563.07	-165.87	1144.08
32778.0	-536.4	-147.92	946.7
32786.0	-474.8	-151.32	-538.82
32793.0	-656.19	41.22	718.27
32801.0	-603.32	-277.41	729.42
32809.0	-627.09	-231.82	1357.96
32817.0	-633.39	-259.95	539.79
32825.0	-573.74	-356.47	852.61
32833.0	-569.86	-228.43	807.5
32841.0	-446.67	-258.98	667.83
32849.0	-388.47	-760.46	362.29
32857.0	-304.09	-139.68	738.15
32864.0	-407.39	-146.47	629.03
32872.0	-467.53	-898.68	571.8
32880.0	-290.51	-216.3	1420.53
32888.0	-256.56	-591.2	1071.34
32896.0	-319.61	170.23	996.16
32904.0	-75.17	-174.11	751.73
32912.0	-30.07	-118.82	707.6
32920.0	143.07	-172.17	746.4
32927.0	205.15	-662.01	604.29
32935.0	181.87	-405.45	855.52
32943.0	82.93	-190.12	803.14
32951.0	183.33	279.35	1161.06
32959.0	100.88	-142.1	872.01
32967.0	79.05	-349.68	831.27
32975.0	165.38	-441.82	800.71
32983.0	154.23	-515.54	863.76
32991.0	363.26	-181.87	767.73
32999.0	341.92	-815.26	991.8
33006.0	294.87	-403.99	977.73
33015.0	439.4	-241.04	1419.56
33035.0	396.23	-403.51	1071.82
33041.0	410.78	270.62	672.68
33046.0	313.79	-26.19	1003.92
33051.0	203.21	-172.17	1415.68
33056.0	259.47	-404.48	249.28
33062.0	345.8	-567.44	1106.74
33069.0	421.45	-206.6	763.85
33077.0	470.92	-528.15	10.67
33085.0	308.45	-415.63	1544.2
33093.0	263.35	-310.88	226.49
33101.0	312.33	-249.77	1052.42
33109.0	154.71	-439.88	1098.5
33117.0	277.9	-303.6	807.99
33125.0	418.06	-1391.43	618.84
33133.0	312.33	-579.07	830.78
33140.0	165.87	152.29	603.81
33148.0	242.98	-389.93	611.57
33157.0	93.12	-820.11	897.71
33164.0	-30.55	-506.81	854.06
33172.0	-91.18	-206.6	956.39
33180.0	36.37	65.96	1173.18
33188.0	97.0	-92.15	-136.77
33196.0	420.0	-251.22	1180.46
33204.0	-102.82	-131.92	857.46
33211.0	115.43	-645.03	1283.76
33219.0	71.29	-537.37	943.3
33227.0	-1.94	-683.35	1078.13
33235.0	151.32	-977.73	559.19
33243.0	118.82	-566.47	57.23
33251.0	428.73	-66.44	905.47
33259.0	445.22	-1212.47	-25.7
33266.0	485.96	-852.61	1296.37
33274.0	309.91	-663.46	-141.13
33283.0	179.93	-430.67	-595.08
33290.0	144.53	-1021.38	2356.55
33298.0	-278.87	-402.54	1722.19
33306.0	52.38	-649.4	1178.03
33314.0	173.63	-1047.57	578.59
33322.0	669.28	-625.63	1646.05
33330.0	97.0	-795.38	2396.81
33338.0	420.0	-672.19	501.48
33345.0	470.92	-256.07	1333.23
33353.0	622.24	-568.89	710.51
33361.0	758.04	-956.88	100.88
33369.0	958.33	-78.57	2271.68
33378.0	954.45	-765.31	-36.86
33385.0	1071.34	-721.66	775.98
33393.0	1332.74	-1133.9	780.34
33401.0	810.41	-1018.47	472.38
33409.0	422.42	55.77	1592.7
33417.0	-96.03	-747.37	753.67
33424.0	-401.57	-263.83	1628.59
33432.0	-525.24	-721.66	893.35
33440.0	-308.94	-734.27	1125.66
33448.0	-759.49	-565.01	2420.09
33456.0	-472.86	-331.73	289.54
33464.0	-1018.96	933.12	894.32
33472.0	-906.44	406.42	2397.78
33480.0	-1098.01	-16.49	2837.18
33487.0	-307.48	-83.9	2532.12
33495.0	-1547.59	-935.06	8498.92
33504.0	-575.19	421.94	4570.52
33511.0	949.61	3638.86	5726.24
33519.0	290.02	825.93	7466.86
33527.0	211.94	253.65	4468.67
33535.0	-311.36	406.42	-808.47
33543.0	-476.74	1037.87	2328.42
33551.0	-1153.3	578.59	173.63
33558.0	-683.35	196.42	-1894.36
33566.0	-502.93	131.43	647.46
33574.0	-289.54	198.84	1794.94
33582.0	-276.44	339.49	-1064.06
33590.0	-237.16	287.6	-2134.91
33598.0	-362.77	171.69	2379.35
33606.0	-257.04	292.45	882.68
33614.0	97.0	583.44	-1155.24
33622.0	-123.19	394.29	683.35
33630.0	-220.18	220.67	638.73
33637.0	-193.02	134.83	-410.3
33645.0	60.14	232.31	-171.69
33653.0	-138.22	33.95	2557.34
33661.0	-24.25	8.24	-83.9
33670.0	98.94	-61.59	-389.44
33677.0	86.33	-275.96	2519.02
33685.0	226.49	-245.4	2203.3
33693.0	325.91	-211.45	498.57
33700.0	376.35	-212.91	302.15
33708.0	144.04	-389.93	2162.56
33716.0	350.65	-436.0	395.75
33725.0	462.68	-457.83	452.98
33732.0	352.59	-458.31	1583.97
33740.0	347.74	-538.34	448.13
33748.0	448.61	-397.2	3.88
33756.0	523.3	-410.3	1225.56
33763.0	388.96	-406.9	2099.51
33771.0	509.24	-324.94	-264.32
33779.0	468.01	-309.42	127.55
33787.0	380.72	-302.63	1627.62
33795.0	434.55	-260.44	938.45
33803.0	490.32	-261.41	315.24
33812.0	401.08	-254.13	815.26
33819.0	280.32	-213.88	1094.13
33827.0	416.12	-237.16	72.26
33835.0	429.7	-289.54	1025.75
33842.0	316.21	-310.88	1440.9
33850.0	310.39	-299.72	198.84
33858.0	338.04	-349.19	195.45
33866.0	302.63	-484.02	1298.8
33874.0	294.87	-424.85	1333.23
33882.0	413.69	-199.33	1386.09
33890.0	438.43	-999.07	-471.89
33898.0	100.39	-388.96	2015.12
33906.0	249.77	-289.54	-256.07
33914.0	132.4	-520.88	81.96
33922.0	130.95	-617.87	808.96
33929.0	180.9	-717.3	1461.27
33937.0	295.84	-701.78	561.62
33945.0	333.67	-833.69	951.06
33953.0	152.77	-902.08	1234.78
33961.0	412.72	-977.73	492.75
33968.0	386.05	-1059.21	1614.52
33976.0	452.98	-1179.49	1277.46
33984.0	331.73	-1224.59	880.74
33992.0	441.82	-1218.77	272.08
34000.0	426.3	-1310.92	1412.77
34008.0	440.85	-1302.19	1371.06
34016.0	486.44	-1325.47	382.17
34024.0	346.77	-1316.26	748.82
34032.0	323.0	-1357.48	567.44
34041.0	291.96	-1387.06	686.26
34047.0	388.47	-1406.95	369.56
34055.0	264.8	-1342.93	775.01
34063.0	268.68	-1272.61	284.69
34071.0	326.88	-1255.15	23.28
34079.0	397.2	-990.34	872.01
34087.0	489.84	-988.4	348.71
34095.0	497.6	-978.22	741.06
34103.0	187.69	-778.89	743.0
34111.0	143.56	-468.01	-1165.42
34118.0	130.46	-1792.03	4560.34
34126.0	481.11	-617.39	4470.13
34134.0	513.12	-1650.41	10841.89
34142.0	513.6	-876.86	1217.32
34150.0	-2700.89	120.28	-5517.22
34158.0	-567.44	-2029.67	4324.15
34166.0	-1246.9	-361.32	1130.51
34174.0	-1263.88	-662.01	1481.64
34182.0	-17.94	-731.85	876.86
34190.0	190.12	-284.69	220.18
34197.0	856.0	-753.67	688.68
34205.0	559.19	-430.67	1254.18
34213.0	43.65	-668.31	1473.39
34221.0	-81.96	-651.34	1216.83
34229.0	255.59	-211.94	1031.57
34237.0	418.06	-124.16	904.02
34245.0	336.58	-40.74	968.52
34253.0	-49.95	-103.79	1034.96
34261.0	-37.34	-225.52	1084.92
34268.0	-22.79	-337.55	1043.21
34276.0	-164.41	-137.74	1023.32
34284.0	-288.57	-0.97	1134.39
34292.0	-336.58	-117.37	1134.39
34300.0	-384.59	324.46	1746.92
34308.0	-559.68	181.87	925.36
34316.0	-468.01	-237.16	920.51
34324.0	-459.77	195.93	909.84
34331.0	-591.2	-113.97	1511.22
34339.0	-563.07	197.87	1300.25
34347.0	-470.92	54.8	354.53
34355.0	-331.25	-215.33	1820.16
34363.0	-515.06	-277.9	551.92
34371.0	-284.2	-180.42	1237.2
34379.0	-214.36	-311.85	3002.07
34387.0	-641.64	49.47	461.22
34395.0	-203.21	75.66	1146.51
34403.0	-170.23	-412.24	1312.86
34411.0	-114.94	-614.48	662.98
34418.0	-78.08	-161.99	1428.77
34426.0	-218.24	-754.64	1294.92
34434.0	-142.1	-519.42	854.06
34443.0	-72.26	-276.93	737.67
34450.0	5.33	-19.88	476.74
34458.0	134.34	281.78	1094.62
34465.0	-69.35	-230.37	478.2
34473.0	164.9	-183.81	952.03
34481.0	338.52	-200.3	877.83
34489.0	215.82	-148.89	1031.57
34497.0	333.67	-264.32	1097.04
34505.0	313.79	-173.63	1199.86
34513.0	344.83	-165.87	694.99
34521.0	338.04	-154.23	1420.53
34529.0	302.15	-306.51	1464.18
34536.0	278.38	-182.84	739.12
34544.0	275.47	-268.2	1180.46
34552.0	310.88	-339.01	1086.37
34560.0	146.47	-233.76	836.6
34568.0	358.41	-696.93	1414.71
34576.0	311.36	-361.8	881.71
34584.0	134.34	-521.36	1762.93
34592.0	155.68	384.11	647.94
34599.0	-24.73	-337.55	1560.2
34607.0	155.2	-283.72	551.43
34615.0	-136.28	-200.78	1471.94
34623.0	-38.31	-61.59	620.78
34631.0	-76.63	-844.85	1440.9
34640.0	115.91	-489.84	1050.48
34647.0	46.07	-782.28	531.55
34655.0	184.78	-224.06	931.18
34663.0	185.27	-317.67	835.63
34671.0	26.67	-156.65	904.99
34678.0	57.71	-58.2	656.19
34686.0	183.33	-161.5	867.64
34694.0	44.13	-276.93	953.97
34702.0	191.08	-92.15	1017.99
34710.0	78.08	-272.56	1044.18
34718.0	196.42	-231.34	678.5
34726.0	265.77	-498.57	886.56
34734.0	88.75	-537.85	727.48
34742.0	23.76	-348.22	958.33
34749.0	-104.76	-267.23	1035.45
34757.0	-177.99	-335.13	1321.59
34765.0	-139.19	-439.4	882.19
34773.0	-155.2	-136.77	1199.37
34781.0	-222.12	-378.29	1368.63
34789.0	-211.94	-44.13	688.2
34797.0	-208.06	-484.5	977.73
34805.0	-228.91	-765.79	817.2
34813.0	-413.69	-503.42	978.7
34820.0	-385.56	-324.46	490.32
34828.0	-405.93	-291.48	1054.36
34836.0	-171.2	-405.93	233.76
34844.0	-160.05	13.58	1410.83
34852.0	-293.9	-339.49	387.99
34861.0	-190.12	-499.54	1102.38
34868.0	-345.8	-26.67	312.82
34876.0	-249.77	-403.51	919.54
34884.0	-149.86	-159.56	1061.15
34892.0	-70.81	-242.01	1317.23
34899.0	97.97	-1028.66	1304.62
34907.0	-63.53	-985.49	791.98
34915.0	136.28	-207.09	120.76
34923.0	9.7	-1001.5	1355.05
34931.0	-81.96	-132.4	1074.25
34939.0	-169.75	-260.44	891.41
34947.0	-187.21	-754.16	649.4
34955.0	-254.62	-188.18	966.09
34962.0	-570.35	-743.49	855.52
34970.0	-538.82	-594.11	2039.37
34979.0	-600.41	-588.29	1091.22
34986.0	-142.59	-869.1	448.13
34994.0	-100.88	-802.65	185.27
35002.0	-561.62	-1006.35	-783.74
35010.0	-306.03	-876.86	872.49
35018.0	64.99	-111.06	382.17
35025.0	127.07	-574.22	160.53
35033.0	131.43	-354.53	901.11
35041.0	351.62	-1215.38	644.06
35050.0	427.27	-284.69	68.87
35057.0	775.49	-825.93	320.09
35065.0	361.32	-423.88	2027.73
35073.0	1055.82	-340.46	377.81
35081.0	1169.3	-1102.38	350.16
35089.0	778.4	-108.64	925.84
35096.0	155.68	-545.13	693.53
35104.0	-215.33	-330.76	769.19
35112.0	-527.67	-733.3	781.31
35120.0	-773.55	-326.4	1066.97
35128.0	-366.17	-1942.86	1702.79
35136.0	-948.64	-869.58	395.75
35144.0	-1172.7	435.52	1511.22
35152.0	-946.21	585.86	1713.95
35160.0	-657.16	-152.77	3081.12
35167.0	-332.7	-590.71	4378.95
35175.0	565.01	-151.32	4806.71
35183.0	1085.4	-679.95	4717.96
35191.0	718.75	-758.52	3071.42
35199.0	751.73	821.08	4161.19
35207.0	1399.67	1244.96	3287.24
35215.0	1000.53	640.18	5310.61
35223.0	1736.25	586.35	2342.97
35231.0	676.56	979.19	3923.55
35238.0	188.66	990.34	-663.95
35246.0	-590.23	458.8	-2569.95
35254.0	-204.66	303.6	1178.03
35262.0	250.25	91.66	2096.6
35270.0	440.37	323.0	130.46
35278.0	104.76	613.51	-2756.67
35286.0	-375.38	367.14	390.41
35294.0	-71.78	154.71	173.14
35302.0	399.14	11.64	961.73
35309.0	449.1	49.47	937.0
35317.0	-1.45	398.66	-559.68
35325.0	-78.57	368.11	-1109.17
35333.0	129.49	145.01	973.85
35341.0	288.08	145.98	3201.89
35349.0	259.95	-242.98	-354.04
35357.0	-95.06	77.6	-1408.4
35365.0	-283.72	-169.75	-66.93
35373.0	-169.26	-28.61	1470.48
35381.0	2.42	10.67	465.1
35388.0	-72.75	-288.57	429.7
35396.0	-65.96	-254.13	357.44
35404.0	151.32	-152.29	1383.18
35412.0	357.92	-252.19	2855.6
35420.0	214.36	-324.94	2776.07
35428.0	191.08	-306.03	161.5
35437.0	102.82	-250.25	135.31
35443.0	245.4	-160.53	1104.8
35451.0	305.54	-308.45	2433.67
35459.0	385.08	-301.66	1443.81
35467.0	302.15	-224.06	-100.88
35475.0	216.3	-129.01	217.27
35483.0	372.47	-193.51	1028.66
35491.0	457.34	-277.41	2084.48
35499.0	489.35	-281.29	1054.85
35507.0	348.71	-282.75	56.74
35515.0	363.26	-274.02	118.34
35523.0	463.16	-266.26	1376.88
35530.0	518.45	-274.02	1893.39
35538.0	450.55	-248.31	539.79
35546.0	517.97	257.53	-2473.92
35554.0	705.17	454.43	2791.59
35562.0	342.4	455.89	1568.45
35570.0	619.33	-511.18	400.6
35578.0	119.79	-638.73	-605.75
35586.0	-98.45	459.28	-563.56
35594.0	288.08	-606.23	1189.67
35601.0	135.8	-600.9	1607.73
35609.0	167.81	-695.96	111.55
35617.0	156.65	-602.35	-17.46
35625.0	80.99	-648.91	1529.65
35633.0	388.96	-815.26	2177.11
35641.0	301.18	-945.73	1549.53
35649.0	309.91	-992.77	754.16
35656.0	0.0	-961.24	828.36
35664.0	200.3	-982.58	803.62
35672.0	213.88	-1175.61	1648.47
35680.0	208.54	-1245.93	1264.36
35688.0	84.87	-1248.84	172.17
35696.0	37.83	-1218.29	-110.09
35704.0	95.54	-1287.64	1139.24
35712.0	157.14	-1299.77	1670.3
35720.0	279.84	-1343.9	620.3
35728.0	159.08	-1302.68	481.11
35735.0	189.63	-1305.1	764.34
35743.0	187.21	-1277.94	1198.89
35751.0	303.12	-1264.85	1071.82
35759.0	204.18	-1193.07	751.25
35767.0	138.22	-1070.37	206.12
35776.0	177.99	-1001.98	276.44
35783.0	222.61	-958.33	1211.5
35791.0	269.17	-894.32	1056.79
35798.0	207.09	-733.79	118.34
35806.0	434.06	-769.67	-990.34
35814.0	327.37	-853.09	-484.02
35822.0	-64.02	-912.26	2229.97
35830.0	-725.06	-393.32	10601.34
35838.0	1407.92	-2542.79	1923.94
35846.0	1152.81	-2504.96	2846.39
35854.0	-946.21	-1192.1	154.23
35861.0	-2399.23	-4507.96	2301.26
35869.0	-931.66	-1419.07	3990.48
35877.0	-876.86	-420.48	-60.62
35885.0	-1224.11	-301.18	1694.06
35893.0	-195.93	-403.99	777.92
35901.0	-18.91	-258.98	1141.66
35909.0	687.23	-568.41	636.79
35917.0	1048.54	-103.3	-94.09
35925.0	851.64	-559.68	360.35
35933.0	497.11	436.49	848.73
35940.0	314.27	283.72	2426.39
35948.0	81.48	-206.12	937.48
35956.0	447.16	-64.02	992.77
35964.0	716.33	-992.28	637.76
35973.0	414.66	61.59	1074.25
35980.0	337.07	315.24	691.11
35988.0	223.58	-97.97	1012.17
35996.0	63.05	-193.51	912.75
36004.0	0.48	5.33	1283.28
36011.0	-20.37	-170.23	1300.25
36019.0	-135.31	-247.83	672.19
36027.0	-278.87	-203.21	1064.06
36035.0	-226.97	-74.69	1058.24
36043.0	-236.19	156.65	588.77
36051.0	-236.67	-24.73	-18.43
36059.0	-306.03	-82.93	-342.4
36066.0	-845.33	-393.32	2154.8
36074.0	-597.99	262.86	423.39
36082.0	-782.28	-148.89	1061.15
36090.0	-724.57	-84.87	776.46
36098.0	-425.82	409.81	1113.05
36106.0	-655.7	479.17	2163.04
36114.0	-912.75	178.96	870.55
36122.0	-377.32	-159.08	922.93
36130.0	-870.55	307.97	-2177.59
36138.0	-521.36	-683.83	907.9
36145.0	-778.4	-231.34	2385.17
36154.0	-495.66	-449.58	-1498.61
36161.0	-371.99	-440.37	793.44
36169.0	-322.03	-163.93	1429.74
36177.0	-514.57	-95.54	1878.36
36185.0	-551.43	-342.4	2076.72
36193.0	-412.24	-703.72	186.24
36201.0	-114.46	-264.8	365.2
36209.0	109.61	-129.98	1845.38
36217.0	-215.33	-305.06	693.05
36225.0	274.02	-714.39	-623.69
36232.0	41.22	-349.68	-274.5
36240.0	160.53	-309.91	720.69
36248.0	226.97	-12.61	723.6
36256.0	178.96	-236.67	1537.89
36264.0	137.74	-255.59	1397.25
36272.0	5.33	-474.32	831.27
36280.0	65.96	-501.48	654.73
36287.0	328.82	-447.16	1920.55
36295.0	311.85	-1156.69	378.78
36303.0	155.2	-1979.72	-109.12
36311.0	6.3	-139.68	777.92
36319.0	59.17	-15.52	1413.74
36327.0	-150.35	-599.93	-849.21
36335.0	-212.42	-303.12	434.06
36343.0	-240.55	-998.1	1443.32
36351.0	-37.83	-408.84	1105.77
36358.0	-76.63	195.93	1583.48
36366.0	-179.93	-33.95	780.83
36374.0	-59.17	-382.17	1128.57
36382.0	22.31	-340.46	693.53
36390.0	-114.94	-180.42	1499.1
36398.0	-3.39	-164.41	861.34
36406.0	-17.94	-159.08	808.96
36414.0	-9.21	-327.85	580.04
36422.0	-69.35	-111.55	931.66
36429.0	42.68	-89.72	1532.56
36437.0	-9.21	-135.31	1053.88
36445.0	-33.95	-341.43	1935.58
36453.0	68.38	-234.73	1098.98
36461.0	209.03	-605.75	836.6
36469.0	305.06	-527.67	698.87
36477.0	163.93	-275.47	557.74
36485.0	294.39	-894.8	1669.33
36493.0	89.24	-392.35	-382.65
36500.0	283.23	-135.31	1627.62
36508.0	203.69	-700.81	2322.12
36517.0	194.96	40.25	1373.0
36524.0	538.34	-316.7	614.96
36532.0	437.46	-770.16	840.97
36540.0	360.83	-1117.41	2681.98
36548.0	543.67	88.75	453.46
36556.0	312.33	-201.75	936.51
36564.0	527.18	-1042.72	593.62
36571.0	353.56	-533.0	343.37
36579.0	689.65	-723.6	726.51
36587.0	1170.76	-163.44	1395.79
36595.0	891.89	-501.48	621.27
36603.0	861.34	-568.89	1186.76
36611.0	805.08	357.44	2581.1
36619.0	818.17	561.13	1247.39
36627.0	768.22	-249.28	1304.13
36634.0	666.86	-70.32	493.72
36642.0	643.09	-459.28	959.79
36650.0	744.94	-588.77	525.73
36658.0	706.14	-514.09	404.48
36666.0	813.32	-633.39	715.84
36674.0	624.18	-561.13	1100.92
36682.0	834.18	-599.44	574.22
36690.0	438.91	-208.54	1363.3
36699.0	217.76	-39.28	1110.14
36706.0	-210.0	-268.68	1519.47
36713.0	-313.3	712.45	2338.61
36721.0	-78.57	125.61	2555.88
36729.0	-413.21	-974.82	2350.25
36737.0	-848.24	45.1	2485.07
36745.0	-1055.82	1347.78	3440.5
36753.0	-64.02	833.21	3575.33
36761.0	138.22	1624.71	6343.15
36768.0	110.09	1882.72	3857.59
36776.0	-22.79	1224.11	560.16
36785.0	-198.84	694.02	1844.41
36792.0	-275.47	1027.69	1326.44
36800.0	36.37	-172.17	-286.14
36808.0	177.51	165.87	336.58
36816.0	-63.05	298.75	1412.28
36825.0	-25.7	489.35	-1472.42
36832.0	-109.61	342.89	-1236.72
36840.0	-121.25	936.51	1490.85
36847.0	-45.59	284.69	1305.59
36856.0	11.64	261.41	43.65
36863.0	-150.83	468.98	1671.75
36871.0	-188.66	432.61	3041.36
36879.0	-82.45	465.59	1396.28
36887.0	-273.53	565.01	1192.58
36896.0	293.9	-1217.32	1326.93
36903.0	-671.22	1134.87	-1418.1
36911.0	-29.1	-1135.84	708.57
36918.0	-749.31	-32.01	2070.9
36926.0	-702.26	1286.19	632.42
36934.0	-518.45	791.01	1211.98
36942.0	-760.95	998.1	888.01
36950.0	-620.78	122.7	250.74
36958.0	-775.98	362.77	1147.48
36967.0	-827.87	226.49	979.19
36974.0	-841.45	-128.04	506.81
36982.0	-897.71	80.51	1111.11
36989.0	-977.25	-559.19	2396.32
36997.0	-870.07	-371.02	179.45
37005.0	-1013.14	-574.71	1744.98
37013.0	-938.94	-274.02	485.47
37022.0	-950.09	-599.93	1441.87
37029.0	-901.59	-1023.81	377.32
37037.0	-966.58	-1476.3	958.82
37045.0	-1138.27	-799.74	-1303.65
37053.0	-1323.05	-1058.24	-719.72
37060.0	-1006.83	-1728.98	-845.33
37069.0	-1115.47	-686.74	13.09
37076.0	-1102.38	-182.36	-1127.11
37084.0	-1452.54	-6605.53	13245.49
37092.0	-350.16	-6230.15	6575.46
37100.0	-1008.77	-4069.53	-378.29
37109.0	-1599.49	-3067.54	-2702.35
37116.0	-1363.3	-526.7	-1513.65
37124.0	-1112.08	-416.12	4468.67
37131.0	-597.5	14.55	2915.74
37139.0	-779.86	53.35	-482.08
37147.0	-956.39	-108.64	1036.42
37155.0	-473.83	-93.6	1391.43
37163.0	-489.35	-308.45	533.0
37171.0	-272.08	-380.72	1089.28
37179.0	-139.68	-89.24	1179.49
37187.0	-80.99	-687.23	955.42
37195.0	147.92	-483.05	714.39
