Time	Yaw	Pitch	Roll
235007.0	-138.71	178.96	1024.29
235062.0	-463.16	-21.82	890.44
235117.0	-823.51	-53.83	1037.87
235172.0	-549.98	-63.53	874.43
235227.0	-194.48	-555.8	1042.24
235283.0	93.6	-528.64	990.83
235338.0	93.12	-382.65	1060.18
235393.0	326.88	-353.07	961.24
235449.0	187.69	-367.14	971.91
235503.0	186.72	-421.94	862.79
235559.0	372.47	-250.25	1085.89
235614.0	-74.69	-420.0	888.01
235669.0	-284.69	-393.81	872.49
235724.0	-245.89	-236.19	791.01
235780.0	59.17	-921.48	911.78
235836.0	68.38	-733.79	717.78
235890.0	-494.69	-543.67	1130.99
235945.0	2.42	-306.51	4188.83
236001.0	-50.44	659.1	1482.61
236056.0	-90.69	355.98	-53.35
236111.0	-111.06	-68.38	1113.53
236166.0	193.02	-239.1	1475.33
236221.0	290.02	37.34	921.96
236277.0	566.95	-24.73	1037.39
236332.0	449.58	-484.02	1009.26
236387.0	531.06	-1389.97	-145.5
236442.0	21.34	-1831.8	3516.16
236497.0	-425.82	-1305.1	1341.96
236553.0	-38.8	-702.75	1161.06
236608.0	121.25	-142.1	1027.2
236663.0	-32.49	-155.2	979.19
236718.0	-425.33	-125.13	1264.36
236774.0	-545.61	-133.37	1058.73
236829.0	-516.03	-239.1	865.22
236884.0	91.66	-112.52	1091.71
236939.0	76.63	-392.35	1061.15
236994.0	161.99	-359.86	756.1
237050.0	55.77	-283.72	830.3
237105.0	49.95	-477.23	675.1
237160.0	-28.61	-187.69	957.85
237215.0	-409.81	-200.3	807.5
237270.0	-115.91	-477.71	815.26
237325.0	-379.75	-418.54	823.99
237381.0	-777.92	-553.86	991.31
237436.0	1211.98	-573.74	3841.58
237491.0	438.91	512.63	884.62
237546.0	5.33	180.42	-381.2
237602.0	-276.93	-328.34	801.68
237657.0	116.4	-307.97	1150.39
237712.0	573.74	229.4	895.29
237767.0	593.62	258.98	499.05
237822.0	473.83	-51.41	903.05
237879.0	300.21	-522.82	633.39
237933.0	203.21	-1978.75	917.6
237988.0	403.02	-564.53	-842.91
238043.0	-985.49	-1739.16	3347.87
238099.0	516.03	-669.28	1125.17
238154.0	-437.46	-655.22	976.28
238209.0	-255.1	-106.21	889.95
238264.0	-57.71	262.86	1220.23
238319.0	-234.25	-260.92	923.9
238374.0	-93.12	-312.33	1127.6
238430.0	80.51	-271.59	880.74
238485.0	88.75	-319.61	917.6
238540.0	42.19	-222.12	989.37
238597.0	86.33	-236.19	841.45
238651.0	-62.08	-621.27	965.61
238706.0	-343.86	-398.17	788.1
238761.0	-117.85	-314.27	1011.2
238816.0	717.78	-599.93	664.43
238871.0	251.22	-885.59	762.89
238927.0	-721.18	-33.46	1639.74
238982.0	417.57	59.65	4209.69
239037.0	-372.96	514.57	694.99
239092.0	-221.15	367.14	225.52
239147.0	41.22	-48.01	1041.27
239203.0	225.03	-320.58	800.71
239258.0	364.23	-238.13	987.43
239313.0	334.64	-323.49	762.4
239368.0	375.87	-800.71	885.59
239424.0	245.89	-1129.54	497.11
239479.0	188.66	-1250.78	479.65
239535.0	244.92	-1448.66	1100.92
239589.0	-1130.02	-993.25	1026.72
239645.0	306.51	100.39	1054.36
239700.0	-99.91	-97.0	1007.8
239755.0	-354.04	-134.34	840.48
239810.0	-374.9	32.01	897.71
239865.0	-260.44	-479.17	944.27
239921.0	87.78	-311.36	956.88
239976.0	222.61	-226.0	1043.21
240031.0	176.05	-263.35	954.45
240086.0	-11.64	-288.08	991.8
240141.0	71.78	-226.49	852.12
240197.0	-185.27	-427.76	1010.23
240252.0	-242.49	-521.36	1000.04
240307.0	-478.68	-416.6	758.52
240363.0	-151.8	-547.07	1212.95
240418.0	398.66	-509.72	612.54
240474.0	746.88	-646.97	953.48
240528.0	387.02	-839.03	966.09
240583.0	-393.81	-100.88	1581.06
240638.0	27.16	-189.15	3688.81
240694.0	-552.89	506.33	-89.72
240749.0	-311.36	401.08	301.66
240804.0	14.55	22.79	606.23
240859.0	248.31	-242.98	1166.39
240915.0	391.38	-263.83	780.83
240970.0	339.01	-295.84	801.68
241025.0	274.02	-520.39	1144.57
241080.0	236.19	-683.83	892.38
241136.0	332.7	-1101.89	882.19
241190.0	308.45	-988.4	367.14
241246.0	-650.37	-1247.39	957.85
241301.0	101.36	-290.99	1145.54
241356.0	27.16	-168.29	1040.78
241411.0	-64.99	-146.95	1083.46
241467.0	-123.67	-140.65	1002.95
241522.0	-173.14	-232.31	992.28
241577.0	-235.7	-195.93	973.37
241632.0	-49.47	-155.2	1010.71
241687.0	113.49	-268.2	960.76
241743.0	32.01	-215.82	972.4
241798.0	-168.78	-201.27	1001.98
241853.0	-226.97	-264.32	783.74
241908.0	-187.69	-439.4	814.78
241963.0	48.98	-349.19	1063.58
242018.0	73.72	-499.05	1002.95
242074.0	106.21	-442.31	1035.93
242129.0	350.16	-569.38	872.98
242185.0	1316.26	-798.77	962.7
242240.0	196.9	-856.0	713.9
242295.0	-952.03	-264.32	2580.13
242350.0	-983.55	385.56	3344.96
242405.0	-705.17	468.98	-92.63
242461.0	-208.06	358.41	711.48
242516.0	130.46	253.65	774.52
242571.0	338.52	-175.57	622.24
242626.0	308.94	-393.81	1033.02
242681.0	225.52	-585.86	816.72
242736.0	171.2	-856.97	1198.4
242791.0	295.84	-1167.36	1307.53
242847.0	776.46	-1151.84	247.34
242902.0	554.83	-952.52	1310.44
242957.0	-24.25	-964.15	1394.34
243014.0	332.22	-152.77	1083.46
243068.0	-98.94	-90.21	1049.03
243123.0	-226.0	-44.62	973.85
243178.0	-409.81	182.84	1139.72
243234.0	-465.59	7.27	1130.02
243289.0	-228.43	-290.51	1081.04
243344.0	-51.89	-205.63	938.45
243399.0	14.06	-190.6	1002.47
243454.0	104.27	-280.81	852.12
243509.0	-31.52	-195.45	904.02
243565.0	-140.16	-242.01	1002.47
243620.0	-12.61	-209.51	848.73
243675.0	172.17	-262.38	662.98
243730.0	217.27	-436.0	1082.01
243785.0	388.47	-500.51	1091.22
243840.0	526.7	-438.91	671.71
243896.0	-52.38	-132.4	1382.21
243951.0	182.36	-467.04	639.7
244006.0	-166.35	-810.41	1171.73
244061.0	-751.25	-227.94	1716.37
244118.0	201.75	412.72	4140.82
244172.0	-468.01	174.11	-588.77
244227.0	-140.16	321.55	252.68
244282.0	19.4	-219.7	614.48
244338.0	180.9	-439.4	1082.98
244393.0	307.0	-555.8	794.41
244448.0	344.83	-546.58	1182.4
244503.0	306.51	-763.85	740.09
244558.0	415.15	-644.06	661.52
244614.0	473.35	-955.91	1138.75
244669.0	484.02	-840.0	882.68
244724.0	447.16	-569.86	765.31
244779.0	295.84	-798.77	919.05
244835.0	81.48	78.57	966.09
244890.0	-237.16	34.43	790.53
244945.0	-431.15	-118.82	1008.29
245000.0	-252.68	-243.46	958.33
245055.0	-12.12	-149.38	1051.45
245110.0	16.49	-245.4	933.12
245166.0	15.52	-77.6	878.8
245221.0	19.88	-328.82	716.33
245276.0	49.47	-257.53	1044.18
245331.0	34.92	-437.94	717.3
245387.0	157.62	-271.59	874.43
245442.0	-25.22	-479.17	1171.24
245497.0	-117.85	-278.87	752.22
245552.0	226.97	-779.86	831.27
245607.0	552.89	-692.08	863.28
245663.0	546.1	-751.25	708.57
245718.0	-387.5	-666.86	1052.42
245773.0	524.76	888.98	5360.56
245828.0	-182.84	407.87	1281.82
245883.0	-393.81	260.92	-663.46
245939.0	-48.01	-75.66	1808.52
245995.0	95.06	-191.08	608.17
246049.0	303.6	-112.03	1285.22
246104.0	339.01	-78.08	605.75
246160.0	434.06	-790.53	1215.86
246215.0	239.1	-1201.31	387.02
246270.0	512.63	-1265.33	1459.33
246325.0	-9.21	-1368.15	988.89
246380.0	503.42	-224.55	1353.11
246436.0	7.27	-39.77	993.74
246491.0	-225.52	-338.04	878.8
246546.0	-52.86	-233.76	887.53
246601.0	-161.99	-177.99	1161.06
246657.0	-408.36	-136.28	1227.02
246712.0	-226.97	-113.97	637.76
246768.0	-6.3	-422.42	930.69
246822.0	60.62	-267.71	805.08
246877.0	99.91	-319.12	888.01
246933.0	156.17	-395.26	914.2
246988.0	58.68	-405.93	1068.91
247043.0	-87.78	-209.03	795.38
247098.0	-38.31	-554.83	1016.53
247154.0	762.4	-772.58	1166.88
247208.0	1467.09	-636.79	937.48
247264.0	-428.73	-374.9	1355.54
247319.0	-1186.76	421.94	2939.51
247374.0	-827.87	380.23	654.25
247429.0	-605.26	565.98	-216.3
247485.0	-225.03	258.98	1047.09
247540.0	128.04	-405.45	671.22
247596.0	345.31	-699.35	994.22
247650.0	372.47	-595.08	783.74
247706.0	415.15	-668.31	878.8
247761.0	423.88	-710.02	834.66
247816.0	477.71	-729.91	963.18
247871.0	371.5	-786.16	1011.68
247926.0	371.99	-512.63	668.31
247981.0	-174.6	-920.51	1920.06
248037.0	174.6	-440.37	1005.86
248092.0	230.85	-127.07	1158.15
248147.0	-483.53	-107.18	882.68
248203.0	-359.38	-44.62	675.1
248258.0	-34.43	-262.38	850.67
248313.0	138.22	-162.47	948.15
248368.0	291.48	-235.22	989.37
248423.0	269.17	-110.58	1090.74
248478.0	-154.71	-182.36	1153.78
248534.0	-194.96	-374.41	925.36
248589.0	-176.05	-234.73	1023.32
248644.0	-74.2	-385.08	954.94
248699.0	-14.06	-590.71	1017.99
248755.0	125.61	-377.81	843.39
248810.0	166.35	-504.87	701.78
248865.0	228.43	-796.83	324.46
248920.0	795.38	-751.25	931.18
248975.0	-368.11	-643.58	971.91
249031.0	-144.53	-171.2	3342.53
249086.0	19.4	763.37	623.21
249141.0	-7.76	325.43	-950.58
249196.0	22.79	-163.93	790.04
249252.0	261.41	-529.12	877.83
249307.0	304.57	-713.42	603.81
249362.0	317.18	-338.04	892.86
249418.0	224.06	-248.31	152.29
249472.0	97.48	-374.41	902.56
249529.0	157.62	-482.56	320.09
249583.0	383.14	-792.47	735.24
249638.0	445.22	-1291.04	1821.61
249693.0	-173.63	-1339.05	1489.4
249748.0	178.48	-1052.91	1329.35
249804.0	80.02	-34.43	1126.63
249859.0	-575.19	-301.66	854.06
249914.0	-614.48	-163.93	1024.78
249969.0	-478.68	-107.18	860.85
250025.0	-22.79	-332.22	908.38
250080.0	255.59	-292.45	939.42
250135.0	246.37	-365.68	966.09
250190.0	-28.13	-354.53	948.15
250246.0	-54.8	-452.01	875.4
250301.0	44.13	-372.96	771.61
250356.0	195.45	-395.75	637.76
250411.0	376.35	-620.78	1166.39
250466.0	-187.69	-589.26	807.99
250521.0	120.28	-660.07	796.35
250577.0	179.93	-714.39	639.7
250632.0	-706.63	-309.42	1360.39
250687.0	479.65	431.64	4643.27
250742.0	-557.25	476.74	337.07
250797.0	-148.41	392.84	224.06
250853.0	154.71	-61.11	1292.49
250908.0	431.15	-469.95	879.28
250963.0	533.49	-559.68	1218.29
251018.0	447.64	-535.43	727.97
251074.0	559.68	-384.59	1176.09
251129.0	482.08	-272.08	751.73
251184.0	504.39	-748.82	526.7
251239.0	45.1	-854.55	72.26
251294.0	-81.96	-1903.09	4165.07
251349.0	146.95	-1786.21	842.42
251405.0	302.15	17.46	1115.47
251460.0	-420.48	-104.76	1197.92
251515.0	-643.09	-156.65	776.46
251570.0	-549.01	-124.16	1356.99
251626.0	-118.82	-315.24	854.06
251681.0	223.58	-425.82	976.76
251737.0	385.08	-410.78	975.31
251791.0	524.27	-322.03	960.27
251846.0	242.01	-245.4	886.56
251902.0	50.44	-366.65	899.65
251957.0	-247.34	-533.49	819.14
252012.0	-527.18	-390.41	1178.03
252067.0	202.72	-690.14	558.71
252123.0	397.69	-516.03	834.18
252178.0	-186.24	-938.94	594.59
252233.0	-733.79	-730.88	1508.31
252288.0	1017.5	-363.74	4641.81
252343.0	-71.29	371.02	581.01
252398.0	-151.32	98.45	31.52
252454.0	34.92	-210.0	616.9
252509.0	198.36	-396.23	723.6
252564.0	497.6	-422.91	906.93
252620.0	403.02	-370.53	933.6
252675.0	369.08	-435.52	1125.66
252731.0	206.6	125.13	426.3
252785.0	270.62	-928.75	683.83
252840.0	52.38	-1100.44	980.16
252895.0	-57.71	-1594.15	577.62
252951.0	-517.0	-1458.84	1426.83
253006.0	565.98	37.83	861.34
253062.0	-173.14	-130.46	795.38
253116.0	-289.05	-48.01	944.27
253172.0	-283.23	-112.03	995.19
253227.0	-471.41	-140.65	805.56
253282.0	-361.8	-131.43	923.9
253337.0	18.43	-180.9	745.43
253392.0	86.81	-432.12	996.65
253448.0	256.07	-226.97	923.42
253503.0	220.18	-355.98	990.83
253558.0	167.81	-63.53	1255.63
253613.0	369.08	-457.83	884.13
253668.0	126.1	-511.18	883.16
253724.0	-251.71	-159.56	1024.29
253779.0	390.41	-611.57	657.64
253834.0	1151.36	-703.23	793.44
253889.0	-310.39	-676.07	913.72
253945.0	-1145.05	-433.58	3164.54
254000.0	-73.23	388.96	2840.09
254055.0	-179.93	527.67	481.59
254110.0	-223.58	408.84	41.22
254165.0	99.91	-229.4	1256.6
254221.0	168.29	-667.34	287.11
254276.0	273.05	-753.19	1085.4
254331.0	157.14	-731.85	666.86
254386.0	177.99	-548.04	1109.17
254442.0	253.16	-483.05	685.77
254497.0	392.35	-669.28	986.46
254553.0	435.03	-835.63	936.03
254607.0	705.17	-794.41	1378.33
254662.0	696.44	-535.43	1039.81
254717.0	-329.79	-802.65	534.94
254773.0	138.71	-76.63	1101.89
254828.0	-277.9	-16.0	901.11
254883.0	-533.0	-197.87	1198.4
254938.0	-539.79	-200.78	833.69
254994.0	-226.49	-163.44	1140.69
255049.0	189.63	-168.29	686.74
255104.0	222.12	-323.97	925.36
255159.0	275.47	-184.3	1010.23
255214.0	276.44	-235.7	662.98
255270.0	234.25	-288.08	958.33
255325.0	208.06	-278.38	776.46
255380.0	-171.2	-433.09	904.5
255435.0	-32.98	-339.98	1011.68
255490.0	69.35	-268.68	966.09
255546.0	58.2	-666.37	1024.29
255601.0	897.71	-510.21	872.49
255656.0	-405.45	-784.22	925.84
255711.0	-391.87	-470.44	4011.33
255767.0	-163.44	597.99	1196.95
255822.0	-188.18	770.64	-267.23
255877.0	46.07	84.87	436.0
255932.0	312.33	-214.36	1078.13
255988.0	376.84	-322.03	876.37
256043.0	435.03	-195.93	1107.23
256098.0	411.27	-286.14	1347.29
256153.0	139.68	-821.08	127.07
256208.0	519.42	-1021.87	1742.56
256264.0	612.05	-1120.32	1245.45
256319.0	679.47	-830.3	1037.39
256374.0	-173.14	-1411.31	1024.78
256429.0	107.67	-198.84	903.53
256484.0	-610.11	-210.48	947.67
256540.0	-462.19	-30.55	776.46
256595.0	-372.47	-82.45	1058.73
256650.0	-158.11	-109.12	1005.86
256705.0	59.65	-56.26	841.45
256760.0	176.54	-359.38	920.99
256816.0	227.94	-355.01	1139.24
256871.0	168.78	-281.78	1122.26
256926.0	161.02	-438.91	854.06
256981.0	-3.88	-435.52	963.18
257037.0	117.85	-413.69	745.91
257092.0	-29.58	-384.11	945.24
257147.0	35.89	-929.24	865.7
257202.0	794.89	-673.65	928.75
257257.0	10.18	-774.52	639.7
257313.0	-325.43	-100.88	2796.92
257368.0	766.28	617.87	4456.55
257423.0	-311.36	373.44	760.95
257478.0	-194.48	261.89	-168.78
257533.0	137.74	-70.32	1189.67
257588.0	370.53	-387.99	512.63
257644.0	333.19	-485.96	884.13
257699.0	307.97	-591.68	1057.27
257754.0	186.24	-676.07	798.29
257809.0	181.87	-724.57	978.7
257865.0	198.36	-797.8	660.55
257920.0	258.5	-679.47	500.51
257976.0	560.16	-925.84	748.82
258030.0	233.76	-1377.85	1364.75
258086.0	393.81	-305.06	944.76
258141.0	-201.75	-189.63	1152.81
258196.0	-411.27	-136.28	971.43
258251.0	-138.71	-62.56	852.61
258307.0	-54.32	-348.71	822.54
258362.0	20.85	-237.16	1119.84
258417.0	58.2	-352.1	886.07
258472.0	-99.91	-195.45	851.64
258527.0	-153.74	-379.75	1021.38
258582.0	-116.4	-449.1	682.38
258638.0	45.59	-350.65	841.45
258693.0	210.48	-210.48	961.73
258748.0	96.03	-628.54	356.47
258804.0	231.82	-768.7	678.5
258858.0	1165.91	-662.98	887.53
258914.0	-382.65	-1052.91	833.21
258969.0	-576.16	-20.85	3505.49
259024.0	-494.69	961.24	1480.67
259079.0	-226.49	171.2	-322.03
259134.0	-149.38	36.37	1140.21
259190.0	243.46	-234.73	1053.39
259245.0	419.03	-550.46	280.81
259300.0	434.55	-625.63	1131.48
259355.0	139.68	-462.68	437.46
259411.0	-81.48	-201.27	732.82
259466.0	-260.92	-899.17	1146.02
259521.0	70.81	-1130.02	1079.1
259576.0	673.16	-1142.15	1411.8
259631.0	1214.41	-620.3	821.08
259686.0	801.68	-733.79	1201.31
259742.0	175.08	-230.85	1028.66
259797.0	-129.01	-38.31	1039.81
259853.0	-339.98	-246.86	792.47
259908.0	-594.59	1.45	1064.06
259963.0	-844.36	-40.74	1308.01
260018.0	-433.09	-205.63	941.36
260074.0	136.77	-323.49	829.33
260128.0	324.46	-334.64	950.58
260183.0	463.65	-395.75	860.85
260239.0	303.6	-198.36	1016.53
260294.0	69.84	-38.31	1234.78
260349.0	27.16	-354.53	567.44
260404.0	142.59	-457.34	689.17
260460.0	-88.27	-373.93	521.36
260515.0	144.53	-677.53	605.75
260570.0	785.19	-673.65	1064.55
260625.0	-998.1	-553.37	968.52
260681.0	-301.18	-879.28	3692.69
260736.0	-119.31	326.88	2359.95
260791.0	178.96	-134.34	141.62
260846.0	182.36	-60.14	1320.62
260901.0	118.34	-720.69	809.93
260957.0	283.72	81.48	1268.24
261012.0	176.54	-420.48	807.02
261067.0	104.76	-549.01	1132.93
261122.0	-19.88	-555.31	-190.12
261177.0	241.52	-272.56	2511.75
261233.0	135.8	-1164.94	743.49
261288.0	311.36	-633.88	1156.69
261343.0	775.01	-1086.37	867.64
261398.0	615.45	-1050.48	669.77
261453.0	483.53	-910.81	1966.14
261509.0	353.07	-567.92	1860.41
261564.0	4.85	-669.77	761.92
261619.0	16.0	-284.69	1020.9
261674.0	-485.47	127.55	1104.32
261730.0	-460.74	-280.32	868.61
261785.0	-177.51	-502.93	733.79
261840.0	237.16	-360.35	964.15
261895.0	95.54	-105.24	1004.89
261950.0	-428.73	-550.95	701.29
262006.0	-273.53	-453.95	799.74
262061.0	-87.78	-483.53	805.56
262116.0	134.34	-343.37	1140.69
262171.0	698.38	-637.27	1027.2
262226.0	1383.67	-704.69	985.98
262282.0	720.69	-643.09	1646.53
262337.0	-549.01	-333.19	4448.3
262392.0	11.64	1156.69	1887.09
262447.0	-24.73	510.69	-28.61
262503.0	-17.94	538.34	1060.18
262559.0	143.07	362.29	1146.02
262614.0	12.61	-847.76	527.67
262668.0	-429.21	-1326.93	336.1
262724.0	-1298.31	-1473.39	-1358.205
